labels 5 7 1 6 4 2 3
5 0.735596 0.030258 0.12505 0.00733782 0.0779329 0.00930527 0.0145199
7 0.00659282 0.972124 0.00339933 0.00286265 0.0030078 0.00944642 0.00256681
1 0.0858775 0.000748348 0.896864 0.000549786 0.0144636 0.000253878 0.00124338
5 0.772869 0.0160618 0.078338 0.00472609 0.092953 0.0198894 0.0151631
7 0.00619635 0.949442 0.00221831 0.00223364 0.00144438 0.0365338 0.00193128
6 0.00124939 0.0165546 0.00175943 0.811168 0.00847443 0.158104 0.00268978
1 0.0619053 0.00493237 0.870474 0.00382504 0.0400319 0.00421081 0.0146205
1 0.0110986 0.00106733 0.973379 0.00051519 0.00616844 0.00082459 0.00694637
4 0.0243619 0.00295817 0.00841196 0.000237067 0.961922 0.00163764 0.00047169
5 0.853266 0.0297438 0.0264436 0.00110996 0.072641 0.00502789 0.0117676
2 0.00717442 0.0333361 0.00370547 0.0409082 0.0136145 0.893975 0.00728623
7 0.00434249 0.989835 0.000945721 0.000512022 0.00101576 0.00305167 0.000297685
6 0.0037912 0.0165005 0.00327523 0.804322 0.0117389 0.157576 0.002796
1 0.0268398 0.0125457 0.943216 0.00385815 0.00500504 0.00795688 0.000578312
4 0.0534893 0.00623211 0.013893 0.00553603 0.894035 0.00733798 0.0194767
5 0.764579 0.0375431 0.0792605 0.00818313 0.0895857 0.0109916 0.00985655
7 0.0152851 0.882607 0.0108989 0.0154389 0.013346 0.0427524 0.0196717
6 0.00279003 0.0411964 0.00418711 0.769672 0.0119194 0.143486 0.0267495
1 0.0383056 0.00630208 0.902476 0.00435406 0.0410466 0.00312396 0.00439165
1 0.018514 0.00157945 0.974845 0.000840025 0.00341973 0.000623572 0.000178546
5 0.868635 0.00600568 0.0170236 0.00474533 0.0855376 0.00300786 0.0150448
5 0.803014 0.00965928 0.0524634 0.00559493 0.0864941 0.0190432 0.0237307
2 0.000577318 0.0389421 0.000488481 0.0926916 0.00209223 0.861056 0.00415198
7 0.000951377 0.983046 0.000487034 0.00129365 0.00484962 0.00888326 0.000489212
1 0.0346832 0.000878612 0.959416 0.000458069 0.00389399 0.000648225 2.20134e-05
5 0.788614 0.00982335 0.0773574 0.00801921 0.0916978 0.00865692 0.0158309
2 0.00261071 0.0126567 0.00148775 0.0690659 0.00323546 0.878617 0.0323265
7 0.00964697 0.94044 0.00614849 0.00180374 0.00223715 0.0359084 0.0038153
6 0.00554971 0.0158964 0.00407103 0.776423 0.0163164 0.145739 0.0360046
1 0.163372 0.0166256 0.784745 0.00386364 0.0137012 0.00438683 0.0133063
1 0.160714 0.0260847 0.780909 0.00344852 0.0216765 0.00424561 0.00292228
4 0.039867 0.00577929 0.0229293 0.00150661 0.921989 0.00272219 0.00520611
2 0.00198521 0.039933 0.0024302 0.0861029 0.0077706 0.848696 0.0130825
7 0.0137925 0.887609 0.00572174 0.0171909 0.0110094 0.0551903 0.00948578
6 0.000195296 9.65337e-05 0.000239376 0.985273 0.000989827 0.00771027 0.00549617
1 0.105872 0.0145081 0.80366 0.00401227 0.0599598 0.00662473 0.00536345
7 0.0232507 0.926577 0.00866814 0.00922907 0.00869903 0.0194725 0.00410398
6 0.00174415 0.00141878 0.0035679 0.813823 0.00276678 0.157762 0.0189176
1 0.0257756 0.00338478 0.966589 0.000812031 0.00236393 0.000767849 0.000306941
2 0.0091849 0.0378157 0.00347708 0.0567343 0.00590327 0.868197 0.0186879
7 0.0205679 0.912758 0.0077346 0.00537757 0.00957139 0.0402756 0.00371542
6 0.00614181 0.0164003 0.00204689 0.799056 0.00595355 0.156636 0.0137655
1 0.166862 0.00677361 0.801645 0.00204148 0.0167084 0.00352115 0.00244917
4 0.0833499 0.00231706 0.0337308 0.00397115 0.857913 0.00467229 0.0140459
3 0.01704 0.00538583 0.00282188 0.0143841 0.0172677 0.0258808 0.91722
7 0.00479914 0.950791 0.00276369 0.00415758 0.00657529 0.0196554 0.011258
7 0.030187 0.878566 0.00557108 0.00552643 0.0223729 0.0437888 0.0139872
1 0.027098 0.00893617 0.936153 0.00199732 0.0204597 0.0042637 0.00109251
1 0.031487 0.000498131 0.961761 0.000795597 0.00451774 0.000607583 0.000333009
4 0.0691198 0.013355 0.030747 0.00232382 0.864194 0.00621841 0.014042
5 0.794837 0.0104213 0.0513708 0.0134132 0.0666599 0.00698134 0.0563163
2 0.0133334 0.0313987 0.00542717 0.0191276 0.00921455 0.907842 0.0136564
7 0.0326193 0.903803 0.00684476 0.00133709 0.00451611 0.0481373 0.00274217
1 0.165939 0.00175927 0.797956 0.00021219 0.0325822 0.000429094 0.00112215
1 0.0377199 7.53326e-06 0.959087 0.000102143 0.00299733 3.97322e-05 4.66334e-05
4 0.0570051 0.00213646 0.027282 0.000849216 0.907989 0.00143734 0.0033008
4 0.0829215 0.00318229 0.027235 0.0027651 0.87886 0.00258009 0.00245573
5 0.942944 0.00692654 0.0174616 0.00119821 0.0240373 0.0028182 0.00461401
2 0.0111278 0.0289904 0.0103059 0.00613762 0.00567674 0.923483 0.0142787
7 0.0337849 0.890353 0.0041622 0.000539299 0.0167437 0.0376573 0.0167598
6 0.00701831 0.00203133 0.00405549 0.92377 0.00577032 0.0333398 0.0240147
1 0.108499 0.000446081 0.886945 0.000655106 0.00124268 0.000731796 0.00148027
5 0.84604 0.0137652 0.080068 0.0015162 0.0250191 0.00526005 0.0283319
2 0.00626568 0.00640232 0.00257153 0.0204869 0.00257358 0.958188 0.00351208
7 0.0157306 0.944701 0.00461835 0.000987459 0.0158085 0.00687898 0.011275
6 0.000900513 6.93955e-05 0.000497739 0.993941 0.000605186 0.00295789 0.00102801
1 0.157132 0.000185111 0.795001 0.000171451 0.047127 0.000174281 0.000208756
5 0.824066 0.0155089 0.104014 0.002665 0.043869 0.00440625 0.00547088
2 0.0132897 0.0361611 0.00849088 0.0281883 0.00881931 0.878285 0.0267662
7 0.00945745 0.908068 0.00465747 0.0128821 0.00478496 0.0495911 0.0105589
6 0.00150301 7.37078e-05 0.00120882 0.983658 0.000217289 0.00524403 0.00809522
1 0.112466 0.00124963 0.835611 0.000607468 0.0490651 0.000543696 0.000456762
5 0.977625 0.0100394 0.00441778 0.00152702 0.00261527 0.00264016 0.00113507
2 0.00292899 0.0108801 0.000763113 0.0392975 0.00143357 0.934946 0.00975044
7 0.0293537 0.908805 0.00199169 0.00177227 0.0099076 0.0303054 0.0178643
6 0.000759489 4.97653e-05 0.000252319 0.987536 0.000382117 0.00925038 0.00176974
6 0.00225144 0.000183525 0.00109062 0.985173 0.00383493 0.00571905 0.0017478
1 0.171475 7.14559e-05 0.82528 0.000213755 0.00280221 0.000142811 1.41477e-05
4 0.0562412 0.00194861 0.0273785 0.00134195 0.899499 0.00129909 0.0122919
5 0.786301 0.049132 0.0570518 0.00465088 0.0727225 0.0135111 0.0166304
5 0.80813 0.00268432 0.173073 0.00078968 0.0130149 0.0017455 0.000562101
2 0.0145277 0.0140032 0.00985158 0.0353742 0.010793 0.885758 0.0296923
7 0.0237783 0.940116 0.0128965 0.000811676 0.0100776 0.00192618 0.0103939
1 0.14393 0.000664185 0.844148 0.00147641 0.00649353 0.000810002 0.00247735
5 0.860068 0.00108921 0.13553 0.000279345 0.00281946 0.000189989 2.40024e-05
2 0.0114428 0.00824202 0.00676742 0.0209318 0.00193811 0.927695 0.0229826
7 0.0316856 0.899694 0.0181194 0.00231204 0.0168171 0.0282032 0.00316856
6 0.000910707 3.29992e-05 0.000791577 0.99683 0.000144943 0.000404938 0.000884443
1 0.171345 0.000221083 0.825435 0.00060139 0.00130842 0.000290319 0.000798709
5 0.770673 0.0072301 0.146956 0.00240795 0.0219669 0.0117677 0.0389991
2 0.00294745 0.00503238 0.00252339 0.0133289 0.000589915 0.964181 0.011397
7 0.0229699 0.94324 0.0165978 0.00287616 0.00801436 0.00432559 0.00197654
6 0.0028463 0.000219499 0.00197817 0.989566 0.000431134 0.00167581 0.00328267
1 0.168309 0.00382511 0.806418 0.00250808 0.00940193 0.00199306 0.0075448
4 0.0842872 0.00208708 0.0326257 0.00252838 0.875006 0.000846945 0.00261849
5 0.980674 0.000392525 0.0145981 0.000257017 0.00346367 0.000446974 0.000167677
2 0.0152799 0.0133584 0.0044956 0.0435812 0.00798987 0.886892 0.0284032
7 0.0354618 0.894698 0.0105905 0.00291846 0.0129839 0.0307332 0.0126145
6 0.00783888 0.000471572 0.0019886 0.985833 0.000559443 0.00164657 0.0016616
1 0.0889243 0.000609228 0.877123 0.00069798 0.0267326 0.000783814 0.00512884
1 0.0187955 0.000780903 0.973879 0.00100943 0.0016317 0.000527046 0.00337671
4 0.0969952 0.000429105 0.0179109 0.00101695 0.880166 0.000848246 0.00263406
5 0.953371 0.000650521 0.0422326 0.000211846 0.00307706 0.000255251 0.000201431
2 0.00810813 0.0297536 0.00181297 0.0171084 0.00605359 0.9206 0.0165634
7 0.0245623 0.948124 0.00553293 0.00136906 0.00943135 0.00978132 0.00119892
6 0.00551295 0.000600307 0.00115209 0.961245 0.00156085 0.0227403 0.00718881
1 0.170122 0.00144118 0.818239 0.00103136 0.00533336 0.00259684 0.00123627
3 0.0218207 0.00342946 0.021828 0.00106782 0.00882928 0.0051273 0.937898
5 0.80898 0.000364112 0.174868 0.000694852 0.0133035 0.00137401 0.000414869
7 0.00294519 0.918421 0.006798 0.00531225 0.00775973 0.0529787 0.00578497
1 0.00247046 0.000555273 0.995624 0.00017604 0.000144154 0.000117654 0.000912606
3 0.01061 0.000600236 0.0135941 0.00762633 0.0100733 0.0158147 0.941681
3 0.0320685 0.00430034 0.0214952 0.000230347 0.00860997 0.00443969 0.928856
2 0.000414117 0.0266859 0.00121452 0.00251576 0.00197291 0.966893 0.000303797
1 0.114173 0.00788425 0.810423 0.00372278 0.03277 0.00485115 0.0261756
5 0.811553 0.000166722 0.175096 9.4675e-05 0.0129242 9.63926e-05 6.89381e-05
2 0.000488458 0.00230428 0.000389078 0.00651884 0.00189248 0.988019 0.000387465
7 0.0115498 0.901034 0.00763021 0.00441656 0.0236843 0.0471213 0.00456333
1 0.0360192 0.00071851 0.948753 0.000369072 0.011746 0.000602091 0.00179226
3 0.00853911 0.000198615 0.018282 0.00143057 0.00300553 0.00831259 0.960232
2 0.00397902 0.0324583 0.00569288 0.0553221 0.00838583 0.891242 0.00291968
7 0.00608313 0.92462 0.00860964 0.00391292 0.00142676 0.0541541 0.00119391
6 0.0120863 0.0182149 0.00408697 0.915287 0.0139162 0.0317192 0.00468927
1 0.0682932 0.000475683 0.915692 0.000323073 0.0137614 0.00029185 0.00116307
1 0.0573115 6.19264e-05 0.940545 5.27619e-05 0.00189876 1.58773e-05 0.000113936
3 0.0277758 0.00203267 0.00964521 0.00201246 0.00345296 0.0244657 0.930615
7 0.000279553 0.967301 0.00218502 0.000564837 0.00434594 0.0228108 0.00251315
6 0.00722769 0.0113982 0.00233571 0.796188 0.0139531 0.156453 0.0124445
1 0.0539464 4.47755e-05 0.944612 4.63061e-05 0.00132066 2.07949e-05 8.68271e-06
1 0.140988 0.0280387 0.765712 0.00382509 0.0293844 0.0175626 0.0144891
3 0.0259696 0.000321747 0.022531 0.00138491 0.00946039 0.000619743 0.939713
7 0.00119446 0.988962 0.00638814 0.000435701 0.000949164 0.00149944 0.00057076
1 0.0339002 0.0010226 0.961473 0.000129737 0.00326985 0.000184932 1.93914e-05
7 0.00481867 0.980069 0.00440897 0.00154981 0.00212956 0.00564706 0.00137714
6 0.00740644 0.0134202 0.00370024 0.795731 0.0135475 0.156583 0.00961203
1 0.0914021 0.00924971 0.816521 0.00488505 0.0558224 0.00588065 0.0162393
1 0.104754 0.000980545 0.888706 0.000326588 0.00422104 0.000533352 0.00047832
3 0.0324692 0.00230223 0.0208426 0.00123379 0.0133321 0.00955469 0.920265
5 0.816883 8.70499e-05 0.175938 0.000147431 0.00654051 4.41532e-05 0.000360028
5 0.775201 0.00160353 0.171586 0.00151825 0.0362611 0.00238105 0.011449
2 0.00421146 0.0295101 0.00511719 0.0879795 0.00480408 0.861347 0.00703042
7 0.00421905 0.963685 0.0111487 0.00213789 0.00513727 0.0111779 0.0024946
6 0.00787787 0.020452 0.00529657 0.778351 0.017781 0.150046 0.020195
1 0.0823735 0.0025774 0.889721 0.00091352 0.0158377 0.00197278 0.0066037
3 0.00303169 0.000915327 0.00123173 0.00429396 0.00156973 0.0100686 0.978889
7 0.00401362 0.906516 0.00185696 0.0215677 0.00515783 0.0539326 0.00695534
1 0.150733 0.0108857 0.805532 0.000889848 0.00820154 0.00339284 0.0203653
4 0.0368422 0.0101987 0.00706883 0.000669431 0.934339 0.0096688 0.00121297
7 0.0096785 0.952513 0.00351009 0.00380496 0.00524459 0.0243247 0.000924503
1 0.168622 0.000251078 0.819284 0.00018347 0.0104503 0.000139909 0.00106891
4 0.00865783 0.00150666 0.000869782 0.023574 0.939728 0.00460583 0.0210581
7 0.000413168 0.901527 0.000584003 0.0317607 0.0110311 0.0501108 0.00457358
1 0.0281391 0.00658528 0.894097 0.00772936 0.042665 0.005718 0.0150659
4 0.0019646 0.000350672 0.00112207 0.00149064 0.96206 0.000695766 0.0323166
5 0.745719 0.0027912 0.151745 0.000610407 0.0844868 0.000516318 0.0141318
2 0.000789626 0.0100799 0.000444801 0.010084 0.00227463 0.974368 0.00195925
7 0.00297962 0.901564 0.00267146 0.01635 0.00957847 0.0461874 0.0206686
1 0.0482617 0.00872986 0.896649 0.00528895 0.0215887 0.00533963 0.0141417
5 0.892543 0.0185342 0.0085562 0.000559085 0.0768278 0.00108369 0.00189608
7 0.000151978 0.921131 0.000296409 0.0191383 0.00391862 0.0551197 0.000243678
1 0.0815616 0.00601352 0.797034 0.0149124 0.0563025 0.0046471 0.0395285
1 0.136815 0.000435161 0.850068 0.000353784 0.0119454 0.000113328 0.00026913
4 0.0714352 0.00290459 0.0232878 0.00135368 0.868469 0.00409545 0.0284545
2 0.00185525 0.0367508 0.00370281 0.054418 0.00364194 0.88152 0.0181113
6 0.00342593 0.0228487 0.0060931 0.79877 0.0337142 0.0916155 0.0435328
1 0.0891979 0.00533862 0.803723 0.00844418 0.0608773 0.00409709 0.0283223
4 0.000220131 4.59283e-05 0.000156874 0.00154026 0.965361 0.000220043 0.032456
4 0.00120878 0.0167028 0.00166579 0.00819068 0.942405 0.00177929 0.0280476
2 0.00292236 0.0120038 0.00218372 0.0345803 0.00385638 0.927416 0.0170371
6 0.0036153 0.054282 0.00429729 0.784797 0.0489187 0.0812634 0.0228265
1 0.00489209 0.00229733 0.946227 0.00423973 0.0396215 0.00099121 0.00173144
4 0.00558153 9.38284e-05 0.00206326 0.000859049 0.983006 0.000438994 0.00795732
3 0.00280763 0.0031253 0.00734718 0.00340462 0.026767 0.00236025 0.954188
5 0.776939 0.0255357 0.158563 0.00504204 0.0189578 0.00716409 0.00779887
2 0.00579114 0.0275361 0.00353721 0.0160897 0.00674069 0.935424 0.00488087
4 0.019719 0.00316007 0.0192689 0.00173144 0.946272 0.000866326 0.00898226
2 0.0123337 0.0332323 0.00486891 0.051767 0.0137949 0.870368 0.0136349
7 0.00378421 0.912438 0.00608574 0.00492527 0.0182197 0.0524006 0.00214675
1 0.0786969 0.000239709 0.90583 0.000782788 0.0115161 0.000307979 0.00262658
2 0.000976565 0.00856532 0.000696342 0.0673419 0.00077821 0.918457 0.00318508
6 0.00122095 0.00515249 0.000953467 0.877744 0.0145336 0.0969406 0.00345523
1 0.0361102 0.000405045 0.904546 0.00174207 0.0290694 0.000662884 0.0274648
4 0.000320965 0.00865451 0.000496722 0.022218 0.948912 0.0134325 0.0059653
2 0.00144507 0.0191743 0.0011529 0.094514 0.000745974 0.878467 0.00450023
1 0.166971 0.00102865 0.800542 0.00497434 0.0122158 0.00259575 0.0116721
5 0.808666 0.0100849 0.1727 0.00116353 0.00581224 0.0012723 0.000301252
2 0.00155731 0.0297429 0.000720803 0.0544117 0.00252545 0.909951 0.001091
1 0.17103 0.000125218 0.823577 0.000608943 0.00405962 0.000295234 0.000304202
4 0.003727 0.0177844 0.00756475 0.00521042 0.943522 0.00347496 0.0187167
4 0.00128119 0.0167721 0.000837795 0.0164551 0.947818 0.0138378 0.00299789
2 0.00289051 0.0170813 0.00344819 0.108952 0.00752872 0.858315 0.00178393
7 0.000337463 0.981684 0.000790366 0.00760831 0.00110836 0.00831263 0.00015885
1 0.169524 0.000523852 0.812901 0.000395854 0.0142094 0.00030223 0.00214428
3 0.013818 0.011706 0.00558162 0.00263699 0.0163091 0.0100645 0.939884
5 0.785507 0.0153757 0.170457 0.00195901 0.0216437 0.0043089 0.000749239
2 0.000255861 0.00559963 0.000308053 0.0229927 0.00035359 0.969522 0.000968203
7 0.00128831 0.933364 0.00212054 0.00233444 0.0070764 0.0525691 0.00124702
6 0.00166849 0.0170908 0.00292456 0.801542 0.00955787 0.157285 0.00993104
1 0.0294579 0.00011698 0.957225 0.000604303 0.000671256 0.00131344 0.0106111
4 0.0999983 0.0145519 0.00684744 0.00216488 0.864898 0.00923424 0.00230481
5 0.777624 0.044424 0.0742391 0.00927195 0.0505896 0.0256406 0.0182108
7 0.00030404 0.936901 0.000294812 0.0150146 0.00174805 0.0454611 0.000276849
1 0.170677 0.000680009 0.820572 0.000805565 0.00432388 0.00147387 0.00146767
4 0.0590152 0.018725 0.0212289 0.00819012 0.85528 0.0155015 0.0220597
5 0.791695 0.00347094 0.170285 0.00228202 0.0227255 0.00248662 0.00705475
5 0.791615 0.00289931 0.155076 0.00159118 0.0428563 0.00222909 0.00373305
2 0.000786619 0.0230905 0.00447204 0.107739 0.00695561 0.852513 0.00444381
7 0.0132826 0.933055 0.00862616 0.0105137 0.00858307 0.0217539 0.00418581
6 0.000662754 0.00132062 0.00162809 0.828471 0.000493211 0.156993 0.0104319
1 0.0664001 0.0119159 0.815063 0.00796173 0.0458721 0.0080371 0.0447499
4 0.086683 0.00432821 0.0126261 0.000811305 0.891678 0.000860337 0.00301309
2 0.000428206 0.00792202 0.000262785 0.10942 0.000380744 0.876947 0.00463994
6 0.00154113 0.0399295 0.00174658 0.784082 0.0133589 0.149376 0.00996567
1 0.127039 0.00146165 0.864327 0.000814358 0.00551977 0.000665867 0.00017283
4 0.0332661 0.0240828 0.011392 0.00647141 0.892514 0.0142118 0.0180622
3 0.00288744 0.00747268 0.00317247 0.0239627 0.029503 0.0105638 0.922438
5 0.742699 0.0118009 0.165249 0.00576452 0.0539653 0.00728573 0.0132356
2 0.00287773 0.0149665 0.00196354 0.0999932 0.00521932 0.845505 0.0294746
7 0.00457886 0.971567 0.00155698 0.00123562 0.0182341 0.00177912 0.0010483
1 0.169331 0.000956807 0.813146 0.000943929 0.0137801 0.000391691 0.00145112
4 0.0734491 0.0304813 0.020217 0.0079757 0.851469 0.009489 0.0069191
5 0.802619 0.0132209 0.123635 0.00627614 0.0466578 0.00235227 0.0052382
7 0.00208167 0.985916 0.00851491 0.000481979 0.000650389 0.00219478 0.00016023
6 0.00388109 0.0359765 0.00348753 0.786952 0.00474852 0.150062 0.0148923
1 0.168486 0.0020377 0.805689 0.000700164 0.0201268 0.00091984 0.00203976
5 0.764391 0.0122302 0.170112 0.00279345 0.0385748 0.00342356 0.00847472
2 0.000604604 0.0368952 0.00342847 0.0899394 0.00548966 0.855134 0.00850892
7 0.00319909 0.913581 0.0063243 0.0103373 0.0135413 0.0508933 0.00212402
6 0.000759565 0.00186591 0.00103152 0.859433 0.00118423 0.0980506 0.037675
1 0.104502 0.0112427 0.794739 0.00465631 0.0604074 0.00316424 0.021289
1 0.139719 0.00516432 0.784742 0.00519345 0.015624 0.00560212 0.0439556
4 0.0389916 0.027063 0.0101779 0.01291 0.868291 0.0179382 0.0246282
5 0.749858 0.0331562 0.139116 0.00742819 0.0487858 0.0114616 0.0101938
2 0.000685534 0.0163241 0.000392948 0.108052 0.00168888 0.86315 0.00970648
7 0.000502105 0.988935 0.000922953 0.000999472 0.0026158 0.00567347 0.000351554
6 0.000226896 0.000767708 0.000385827 0.932377 0.00183353 0.0527845 0.0116247
1 0.167674 0.00618541 0.801557 0.00371778 0.00926829 0.00496398 0.00663387
4 0.00507111 0.00771468 0.000826894 0.0227912 0.935773 0.0105951 0.0172284
4 0.00281835 0.0111293 0.000707868 0.0229614 0.934973 0.0123953 0.0150145
2 0.000166361 0.0193632 0.000215044 0.109383 0.00337836 0.866233 0.00126062
7 0.000358899 0.98575 0.000447853 0.000829843 0.00129479 0.0111624 0.000156381
6 0.000218818 0.00121057 0.000157163 0.899265 0.00183446 0.0905317 0.00678263
1 0.0792107 0.00183451 0.906133 0.00165434 0.00893041 0.00149065 0.000746519
4 0.0694537 0.00147806 0.0322394 0.000990154 0.891965 0.00116863 0.0027054
3 0.0166138 0.00675451 0.00767857 0.00219831 0.0280706 0.00217106 0.936513
3 0.0207545 0.00444798 0.00679586 0.00913943 0.0180277 0.0035945 0.93724
5 0.970945 9.68295e-05 0.0286069 8.21083e-05 0.000210666 3.90954e-05 1.97987e-05
2 0.000623205 0.00975133 0.000478053 0.0269858 0.0137942 0.936733 0.0116345
7 0.00670715 0.958013 0.00684875 0.000491937 0.0186511 0.00507059 0.00421744
1 0.167254 0.000288067 0.798644 0.00128204 0.0265701 0.00267973 0.00328225
4 0.0182925 0.0187067 0.00280339 0.00750893 0.928776 0.0107854 0.0131273
3 0.0240636 0.000408952 0.000968677 0.0025031 0.00297458 0.0104362 0.958645
5 0.757222 0.00301297 0.163404 0.00213513 0.0326943 0.0151452 0.0263865
2 0.00212695 0.00900326 0.00185011 0.044026 0.00574127 0.922388 0.0148643
7 0.00968093 0.907281 0.0110788 0.00184903 0.00338167 0.0524282 0.0143001
6 0.00361924 0.00522646 0.00115218 0.842687 0.0317414 0.106664 0.00890925
1 0.0778478 0.000714076 0.903353 0.00112378 0.00651664 0.00401079 0.00643357
4 0.00878248 0.00136339 0.00147424 0.000287999 0.986998 0.000541544 0.000551885
5 0.903214 0.00030238 0.0907393 0.000139219 0.00519191 0.000295054 0.00011773
2 0.00987492 0.0132908 0.00167135 0.0204364 0.0149375 0.930359 0.00942998
6 0.00122977 0.000487416 0.000456816 0.982088 0.0018126 0.0134908 0.000434723
1 0.0525117 0.00103016 0.922389 0.000285828 0.0222382 0.000671535 0.000873739
4 0.058904 0.0214404 0.00976007 0.0179164 0.843167 0.0125337 0.0362787
3 0.00186226 0.000467383 0.0011795 0.0219528 0.00432 0.00241782 0.9678
2 0.00364023 0.0406891 0.00189537 0.0810281 0.0155643 0.851084 0.00609905
7 0.0086687 0.885436 0.00560974 0.01195 0.0222555 0.0496866 0.0163939
6 0.00358105 0.00289945 0.00395173 0.938869 0.0310745 0.00876891 0.0108556
1 0.0627351 0.0258631 0.856941 0.00240189 0.0311454 0.00505304 0.0158604
1 0.168012 7.69198e-05 0.816264 0.000192068 0.0150333 9.74884e-05 0.000324438
5 0.784638 0.00125067 0.12027 0.000725026 0.0913728 0.000949525 0.000793533
2 0.0035932 0.00938689 0.00127527 0.0815337 0.0110278 0.868348 0.0248357
7 0.00155388 0.929029 0.000465073 0.0132647 0.0145762 0.0365361 0.004575
6 0.00638737 0.0230705 0.00366728 0.760905 0.0405753 0.138078 0.0273161
1 0.143023 0.00267089 0.784163 0.00169075 0.0556056 0.0031413 0.00970612
4 0.0857782 0.00455744 0.0246525 0.000911123 0.864144 0.00189934 0.0180574
3 0.019479 0.00222166 0.00899082 0.0176181 0.029491 0.00268364 0.919516
5 0.937852 0.000571967 0.041707 0.00127355 0.0157558 0.0021812 0.000658448
2 0.0139646 0.0300842 0.0055013 0.0226001 0.0117239 0.90724 0.00888605
7 0.00149523 0.935183 0.0013172 0.00945814 0.0136068 0.0339969 0.00494286
1 0.161665 0.00189018 0.794814 0.00035918 0.0391712 0.000490055 0.00161092
5 0.753634 0.00702285 0.145235 0.00400861 0.0620735 0.0118437 0.0161824
2 0.00990821 0.037352 0.00639348 0.0888768 0.01307 0.832389 0.0120105
7 0.0126295 0.908769 0.00737233 0.00346693 0.0125809 0.0375251 0.0176564
1 0.131875 0.00106984 0.842937 0.000622873 0.0216863 0.00113973 0.000669953
4 0.0743791 0.0080059 0.0100243 0.00734522 0.852549 0.0045295 0.0431673
3 0.00644478 0.00463228 0.00184236 0.028743 0.01018 0.0164314 0.931726
5 0.819995 0.000102342 0.176546 0.000238429 0.00238329 0.000169896 0.000564747
2 0.00226944 0.0388778 0.00139438 0.0850285 0.000946472 0.86893 0.0025538
7 0.0023726 0.91305 0.00279798 0.00596804 0.00483305 0.0532233 0.0177548
6 0.000490806 0.000108397 0.000497684 0.988833 0.000467176 0.00731159 0.00229125
1 0.167497 0.000687585 0.797572 0.00174671 0.021118 0.00453279 0.00684612
4 0.0448412 0.0189689 0.00932051 0.0315956 0.836689 0.0228242 0.0357607
3 0.0223051 0.0137431 0.00510231 0.0036862 0.009273 0.0143023 0.931588
5 0.856767 0.00020389 0.139426 0.000102293 0.00322011 0.000144182 0.000136472
5 0.749184 0.0122217 0.114557 0.00608397 0.0505145 0.0155031 0.0519355
2 0.00177745 0.0294122 0.000627259 0.0249574 0.00279134 0.928557 0.0118771
7 0.00551872 0.90508 0.002286 0.00836507 0.0136369 0.0548598 0.0102535
1 0.169601 0.000331724 0.814569 0.000603393 0.0136396 0.000705715 0.00054971
3 0.0349432 0.000449709 0.00763477 0.00226406 0.0134098 0.0064754 0.934823
5 0.85353 0.00287235 0.0494897 0.00111941 0.0886896 0.00284278 0.00145658
2 0.0017537 0.00892805 0.000649957 0.0386977 0.0017978 0.946355 0.00181775
7 0.00236471 0.934467 0.00157796 0.00219152 0.00215597 0.0544234 0.00281954
1 0.0877685 0.000310402 0.890802 0.000548158 0.0193294 0.00069807 0.000543994
1 0.127715 7.5806e-05 0.853602 0.000178345 0.0180012 0.000249708 0.000177802
4 0.0130969 0.00254627 0.00158883 0.00447279 0.937596 0.0075428 0.0331563
4 0.0926556 0.00445588 0.0270926 0.000467512 0.869245 0.00282651 0.00325713
3 0.00380371 0.00139624 0.00129593 0.0222921 0.00973842 0.0232576 0.938216
7 0.00103169 0.91481 0.000537215 0.00652972 0.00743604 0.0533341 0.0163208
1 0.161173 0.0249871 0.777942 0.00244253 0.022658 0.00464694 0.00615007
1 0.158884 0.00675597 0.778354 0.00241576 0.0414446 0.00575233 0.00639362
4 0.0439298 0.0115179 0.00871315 0.000650901 0.917028 0.0134029 0.00475765
3 0.0192467 0.00561429 0.00544963 0.00599695 0.0239784 0.0259576 0.913756
5 0.791617 0.0123688 0.163636 0.00255632 0.00523287 0.0133131 0.0112762
2 0.000356615 0.0266264 0.000156347 0.00280588 0.0017168 0.967474 0.00086356
7 0.0196212 0.920954 0.00157544 0.00414412 0.0213308 0.0237593 0.00861476
6 0.00628531 0.0129203 0.00367828 0.823567 0.00699212 0.105713 0.0408434
1 0.169102 0.00292819 0.813163 0.00222404 0.00589134 0.00485506 0.00183661
1 0.121118 0.000513369 0.869162 0.00063698 0.00690956 0.00106058 0.000599349
4 0.00627683 0.000244659 0.000691254 0.00011232 0.992072 0.000273581 0.000329557
3 0.0208607 0.00859245 0.00883481 0.00289483 0.02832 0.00615827 0.924339
2 0.000872561 0.0269894 0.000323261 0.00757358 0.000932817 0.96171 0.00159812
6 0.00750154 0.0550745 0.00371158 0.767927 0.032007 0.124852 0.0089259
6 0.00240917 0.000374971 0.000556949 0.984841 0.000758666 0.0103916 0.000667706
1 0.0703157 0.00107821 0.91289 0.000214513 0.015035 0.000379632 8.65177e-05
1 0.169089 0.00043255 0.806954 0.00118623 0.0205091 0.00127103 0.00055737
4 0.0175347 0.00658563 0.0049746 0.00133479 0.954504 0.00224486 0.0128215
4 0.0964835 0.00414232 0.0156739 0.00345776 0.854603 0.00564442 0.0199953
5 0.799075 0.00475549 0.173645 0.00095822 0.0183679 0.00258079 0.000618082
5 0.769411 0.0127815 0.171168 0.00227724 0.0322547 0.00482578 0.0072822
2 0.00238647 0.0393814 0.00388722 0.0687473 0.00525007 0.872297 0.00805072
7 0.00419123 0.895532 0.00219151 0.0162283 0.0171302 0.0544922 0.0102346
6 0.00461051 0.0157962 0.00363224 0.770989 0.0422801 0.128448 0.0342446
6 0.005412 0.012041 0.00238275 0.865513 0.0193508 0.0695392 0.0257608
1 0.122337 0.000891899 0.866732 0.00062616 0.00889631 0.000340327 0.000175496
1 0.169374 0.00173967 0.819211 0.000603024 0.00762376 0.000869728 0.000579095
4 0.023772 0.00814154 0.00261746 0.0162499 0.877785 0.0327607 0.0386729
3 0.00486325 0.00449112 0.00148135 0.0191309 0.00183492 0.0242786 0.94392
5 0.790442 0.00918851 0.172026 0.00343238 0.0193865 0.00388629 0.00163808
2 0.00199694 0.00826478 0.00143965 0.036395 0.000527248 0.937483 0.013893
2 0.000112981 0.0114816 0.000113488 0.00542552 0.000422095 0.979423 0.00302173
7 0.000486861 0.919938 0.000184454 0.014108 0.00383817 0.0548228 0.00662181
6 0.00109488 0.000894581 0.00120964 0.898301 0.0080558 0.0569513 0.0334927
1 0.166349 0.00288099 0.795017 0.00105355 0.0289777 0.00354489 0.00217637
4 0.100841 0.00072721 0.0056421 0.00185702 0.878317 0.0104883 0.00212713
3 0.00187567 0.00699047 0.00150832 0.0265474 0.0121439 0.0257374 0.925197
5 0.745487 0.0163211 0.166797 0.00405694 0.0509844 0.00748713 0.00886606
5 0.980732 0.000147192 0.0165201 0.00111706 0.00107722 0.000261241 0.000145585
7 0.00444171 0.914857 0.00106593 0.0124551 0.0046148 0.05468 0.0078857
1 0.1689 0.000371505 0.813492 0.00111053 0.0141036 0.00094936 0.00107304
4 0.0888418 0.000470286 0.0268107 0.0014079 0.873765 0.00103769 0.00766634
5 0.824441 0.000871984 0.130383 0.0010317 0.0416828 0.000649071 0.000940714
7 0.00242884 0.936331 0.00116022 0.0046608 0.000498947 0.054402 0.000517987
6 0.00107107 0.000122154 0.000578407 0.96237 0.00297422 0.0174528 0.0154316
1 0.142386 0.000837685 0.801563 0.00430112 0.045992 0.00355739 0.0013622
1 0.0693985 0.0443456 0.82133 0.004357 0.0479473 0.00843947 0.0041825
4 0.0215546 0.00507289 0.014797 0.00461902 0.910848 0.00894043 0.0341676
3 0.0173535 0.00835152 0.0139178 0.00583286 0.0159137 0.0264559 0.912175
2 0.000458023 0.003423 0.000244179 0.0156283 0.000320119 0.977875 0.00205101
6 0.00192027 0.00126554 0.0044823 0.942021 0.00336785 0.0219354 0.0250079
1 0.169112 0.000309838 0.81788 0.000754951 0.0104289 0.000755815 0.000757552
4 0.0389143 0.0117472 0.00518159 0.00109961 0.923446 0.0156426 0.00396861
3 0.00190578 0.00103637 0.000804411 0.0326626 0.00136171 0.0185461 0.943683
5 0.765307 0.0155847 0.170203 0.00214198 0.0359692 0.00245512 0.00833905
2 0.00468839 0.0122856 0.00126949 0.00574959 0.00210228 0.967563 0.00634204
6 0.00808888 0.00224255 0.00301007 0.883008 0.00939101 0.0632379 0.0310211
1 0.167471 0.00356037 0.80344 0.00196577 0.00458512 0.00586133 0.0131165
1 0.158635 0.000201066 0.836393 0.000314157 0.00379288 0.000511677 0.00015255
4 0.00968347 0.00369432 0.00153511 0.00311694 0.962985 0.0117853 0.00720019
3 0.00658685 0.00812605 0.00593134 0.0256516 0.0258836 0.0199359 0.907885
2 0.0111133 0.0270872 0.00313501 0.00311904 0.00789206 0.944758 0.00289536
7 0.00567472 0.945667 0.000264684 0.0026871 0.00223897 0.042507 0.000960138
6 0.00195133 0.00550803 0.000736578 0.806611 0.00850367 0.147808 0.0288808
1 0.154863 0.00538879 0.825792 0.00146773 0.00869985 0.00253255 0.00125674
3 0.00399309 0.00659591 0.0105202 0.0158042 0.0163457 0.0183284 0.928413
5 0.769691 0.0116349 0.170638 0.00129308 0.0353142 0.00105714 0.0103715
2 0.000797039 0.0304965 0.000781079 0.103762 0.00951641 0.852102 0.00254475
7 0.000889956 0.945808 0.00485655 0.010062 0.0126968 0.0164111 0.00927513
1 0.00431287 0.000901515 0.986374 0.000822833 0.00313197 0.00106591 0.00339077
4 0.0910842 0.0126 0.0197984 0.00335202 0.835442 0.0239597 0.0137638
3 0.00467267 0.0117277 0.00578406 0.0310267 0.0188717 0.02218 0.905737
2 0.000977543 0.025712 0.000921844 0.0773138 0.00701657 0.885435 0.00262304
7 0.000690177 0.942815 0.000906468 0.0055644 0.0154662 0.025048 0.00951004
6 0.000724655 0.0121556 0.000805952 0.81824 0.00316148 0.158938 0.00597439
1 0.014466 0.00013158 0.9829 0.000361801 0.00111846 0.000334504 0.000687234
1 0.100096 0.00833452 0.810359 0.00294691 0.057316 0.00606073 0.0148867
4 0.0894298 0.0233167 0.0117304 0.00291793 0.856177 0.0035505 0.0128771
4 0.0994661 0.00700735 0.0165672 0.000338787 0.874975 0.000911362 0.000734153
5 0.757785 0.00581857 0.0849077 0.00608555 0.0892674 0.0152864 0.0408489
7 0.000906595 0.934778 0.00101606 0.0202521 0.0165165 0.024863 0.0016678
1 0.0349585 0.00461197 0.938016 0.000930808 0.011661 0.00137032 0.00845124
1 0.0372387 0.00322246 0.929158 0.00193539 0.0134999 0.00471441 0.0102309
3 0.00635789 0.00465126 0.0161938 0.0152777 0.0261218 0.00356459 0.927833
5 0.830243 0.00521451 0.062158 0.0015133 0.0899941 0.00234054 0.00853683
2 0.000721981 0.029014 0.00228641 0.105439 0.0033399 0.856646 0.00255262
7 0.0033593 0.913365 0.00513875 0.0180707 0.00438831 0.0537638 0.00191431
1 0.0453031 0.000679866 0.927743 0.00109339 0.0204508 0.000606993 0.00412295
4 0.0925309 0.0163001 0.013788 0.0014873 0.858537 0.00219536 0.0151617
3 0.00911362 0.010647 0.0042296 0.0185468 0.0299582 0.0117872 0.915718
5 0.781534 0.00295833 0.166311 0.00050315 0.036853 0.00162629 0.0102141
5 0.803994 0.0141633 0.072403 0.00366718 0.0919547 0.00699831 0.00681979
2 0.00261578 0.0356033 0.000880463 0.0535878 0.00708403 0.892944 0.00728509
7 0.000328305 0.979937 0.00124539 0.00546813 0.00724279 0.00314128 0.00263675
3 0.0036111 0.00239854 0.0137176 0.0123837 0.02313 0.00342057 0.941338
2 0.000109821 0.0186527 0.000126455 0.10967 0.00582105 0.864481 0.00113947
7 0.0132202 0.946076 0.00516896 0.00310368 0.0195238 0.00674254 0.00616496
1 0.157554 0.0119098 0.768902 0.00467844 0.0328844 0.00538063 0.0186908
4 0.0722979 0.00908116 0.0333127 0.00127771 0.869886 0.00219105 0.0119537
2 0.000697378 0.010469 0.000624136 0.109721 0.00522255 0.867943 0.00532349
7 0.00050552 0.988622 0.000852416 0.00271063 0.00272268 0.00413673 0.000450199
6 0.00571134 0.0335823 0.00482197 0.768031 0.0223007 0.128872 0.0366804
1 0.134849 0.00749188 0.818755 0.0013095 0.0351574 0.00148567 0.000951666
1 0.170005 0.00262585 0.818286 0.000851642 0.00546151 0.00175489 0.00101556
4 0.00106774 0.00254798 0.00148432 0.0109285 0.970439 0.0013767 0.0121556
2 0.00115363 0.00915097 0.00404121 0.109333 0.00565542 0.86403 0.00663607
7 0.00187243 0.964839 0.00236716 0.013108 0.00443687 0.0122262 0.00115034
6 0.00151795 0.000432152 0.00184864 0.972707 0.00362869 0.00341106 0.0164541
1 0.0720274 0.00440822 0.860487 0.00232248 0.0498566 0.00244997 0.00844843
1 0.0146261 0.00573226 0.968203 0.000728583 0.00440727 0.00135865 0.00494462
4 0.0956672 0.022565 0.0133481 0.00357604 0.84661 0.00430027 0.0139332
5 0.731099 0.020546 0.115521 0.00651192 0.0895409 0.0126073 0.0241743
2 0.00108889 0.0269052 0.00148078 0.0965096 0.00606897 0.861456 0.00649073
7 0.0127249 0.883683 0.00339378 0.032893 0.0195458 0.0435556 0.00420366
6 0.00364663 0.0176158 0.00332683 0.78836 0.0139581 0.15412 0.0189728
1 0.0711039 0.00472411 0.84704 0.00470162 0.0499068 0.00420176 0.0183219
4 0.0992235 0.0101295 0.0170515 0.00427537 0.85485 0.00779404 0.00667645
2 0.000565739 0.0295432 0.000287503 0.104568 0.00698169 0.852401 0.00565338
7 0.000437959 0.913336 0.000220169 0.0254367 0.00415414 0.0540474 0.0023672
7 0.000946922 0.926431 0.000338339 0.009627 0.0153657 0.0437226 0.0035684
1 0.166762 0.0021675 0.793595 0.00168274 0.0225962 0.00347679 0.00972001
3 0.028311 0.00558916 0.0116322 0.000841408 0.0218615 0.00484896 0.926916
5 0.812292 0.000169879 0.175362 0.000461965 0.0100698 0.000672594 0.00097159
2 0.00608091 0.0268643 0.00612825 0.0014361 0.00916961 0.947043 0.00327779
7 0.0222919 0.934666 0.0151324 0.000403326 0.0199052 0.00338187 0.00421972
6 0.00573367 0.00208388 0.00379306 0.867845 0.0215067 0.0619335 0.037104
1 0.0101376 2.24636e-05 0.989348 0.000116458 0.000136172 7.48628e-05 0.000164369
3 0.0333089 0.000404863 0.0136929 0.00367033 0.00500168 0.0112273 0.932694
3 0.03139 0.0024804 0.0133542 0.00618216 0.00930784 0.0254617 0.911824
2 0.0108413 0.0019797 0.00534303 0.00581297 0.00960844 0.945921 0.0204936
7 0.0166387 0.90187 0.00869989 0.00124977 0.00400635 0.0545254 0.0130095
6 0.00355152 0.00113408 0.00400603 0.88199 0.00779056 0.06969 0.0318378
1 0.171078 7.38015e-05 0.823958 0.000409428 0.0028645 0.00129693 0.000319454
4 0.0396451 0.000313353 0.0177416 0.00022362 0.94102 0.00031206 0.000744781
3 0.018324 0.00966958 0.0165155 0.0061604 0.00760903 0.0241006 0.917621
5 0.820033 0.000261694 0.176696 0.000520209 0.00196355 0.000442148 8.30827e-05
2 0.00487434 0.00685341 0.00309062 0.0115068 0.0115135 0.949933 0.0122288
2 0.000629921 0.003108 0.000701132 0.0466454 0.00105403 0.946089 0.00177282
7 0.0166371 0.890904 0.0138216 0.00380501 0.0208515 0.0463202 0.00766018
6 0.00294115 0.000535116 0.00367486 0.936004 0.0060915 0.0349616 0.0157917
1 0.170283 1.91201e-05 0.8185 0.000268995 0.0107172 8.98931e-05 0.000121883
1 0.171514 4.78573e-05 0.825745 0.000188445 0.00217636 0.000262839 6.55547e-05
4 0.0561416 0.00197642 0.026799 0.000907988 0.907703 0.00112782 0.00534448
3 0.00130519 0.00062929 0.00147148 0.00717932 0.00135198 0.0024269 0.985636
5 0.767626 0.000540261 0.171084 0.00219241 0.0470503 0.000833651 0.0106731
2 0.00541829 0.0154731 0.00698227 0.0361015 0.00691536 0.909908 0.0192015
6 4.2938e-05 2.38568e-06 0.000415303 0.998691 8.87501e-05 0.000508227 0.000251015
1 0.0615627 5.11009e-05 0.926394 0.000160477 0.0111346 4.13591e-05 0.000655948
1 0.0461937 0.000233047 0.905356 0.000518491 0.044731 0.000347348 0.00262057
3 0.00355192 0.0064071 0.00284931 0.00980154 0.00847838 0.0232676 0.945644
5 0.791107 0.00111309 0.172348 0.00242738 0.0223167 0.00874809 0.00193958
5 0.937499 0.000127043 0.0594823 0.000695027 0.00169919 0.000329133 0.000168457
2 0.00969392 0.0143229 0.00661732 0.0333907 0.0311506 0.882497 0.0223276
2 0.000455631 0.00810707 0.000301297 0.0565515 0.00147395 0.926667 0.006444
7 0.00116732 0.921861 0.0024789 0.00126972 0.0123044 0.0547089 0.00620957
6 0.000285605 0.000220754 0.000378053 0.913898 0.00385765 0.0683309 0.0130291
1 0.164516 2.13488e-05 0.798077 0.000338024 0.0368498 8.38245e-05 0.000114318
4 0.0511573 0.00137519 0.0243083 0.00125072 0.905497 0.00116432 0.015247
3 0.0181189 0.00237088 0.0109517 0.00557089 0.0133145 0.0172319 0.932441
5 0.957732 0.000325498 0.00925052 0.00517876 0.0139126 0.00429005 0.00931056
2 0.0013806 0.00967595 0.00123212 0.0347317 0.00764272 0.922923 0.0224139
2 0.00515953 0.0182133 0.00279061 0.0344688 0.0129443 0.904201 0.022222
6 0.000282252 8.02256e-05 0.000486768 0.974456 0.00356767 0.0130905 0.00803655
1 0.118995 0.00805055 0.779265 0.00373331 0.0592939 0.00706069 0.0236014
1 0.131735 0.000122785 0.859779 0.00037164 0.00725265 0.000428611 0.000309822
4 0.0536921 0.00122797 0.0252733 0.00111596 0.91513 0.00121238 0.00234793
3 0.00815111 0.00820603 0.0105373 0.00443612 0.0100945 0.0218418 0.936733
5 0.764071 8.6676e-05 0.166488 0.000669569 0.0680192 0.000208428 0.000457474
2 0.0085619 0.00750493 0.00433936 0.0138722 0.00341482 0.941709 0.0205981
1 0.123027 4.42742e-06 0.869021 7.49729e-05 0.00784118 2.25238e-05 9.0694e-06
4 0.0584619 0.0022267 0.0287476 0.00247859 0.891544 0.00713636 0.00940435
3 0.00253194 0.00690582 0.00982334 0.0121346 0.00210058 0.0235829 0.942921
5 0.807345 0.000257041 0.174248 0.000719709 0.0142888 0.000422083 0.00271984
5 0.781506 0.000808206 0.172276 0.00147099 0.032389 0.0016912 0.00985767
2 0.00189655 0.0216265 0.00187255 0.0155905 0.00665453 0.928838 0.0235217
7 0.010227 0.894321 0.00875699 0.00914091 0.00909274 0.0426665 0.0257949
6 0.00390924 0.000497037 0.00395194 0.944586 0.00309984 0.017155 0.0268007
1 0.140752 0.000262178 0.834895 0.000917696 0.0212673 0.000849036 0.00105719
4 0.0632033 0.000382005 0.0198541 0.000291349 0.914918 0.000499126 0.000851667
3 0.00412914 0.000582913 0.00210939 0.007229 0.00024912 0.021212 0.964488
5 0.773556 0.00072617 0.171487 0.00174314 0.0396906 0.000999868 0.0117966
2 0.0110953 0.0291002 0.00775745 0.0131092 0.0167427 0.906864 0.0153309
2 0.0100219 0.00474471 0.00246722 0.0217514 0.00621725 0.934991 0.0198065
1 0.0687485 0.000149368 0.915934 0.000447403 0.0139047 0.000344239 0.000471914
4 0.0240544 0.000599884 0.0219878 0.00059199 0.934791 0.000839464 0.0171356
3 0.0180157 0.00698892 0.0136305 0.00453032 0.0212109 0.0162898 0.919334
5 0.806272 8.04987e-05 0.174472 0.00101674 0.016643 0.000391484 0.00112372
2 0.00163207 0.00300853 0.00120059 0.0226856 0.000734914 0.952272 0.0184661
6 0.00821982 0.0104159 0.00480135 0.813643 0.0181238 0.097955 0.0468414
6 0.0017084 0.00105987 0.00101861 0.821526 0.00620464 0.137028 0.0314541
1 0.107547 0.000216323 0.874196 0.000474357 0.0167107 0.00059791 0.000257034
1 0.0693643 1.73522e-05 0.89105 0.000178976 0.0388339 0.00020167 0.000353545
