labels 5 7 1 6 4 2 3
5 0.885448 0.00913096 0.0467694 0.003108 0.0388119 0.00763468 0.00909739
7 0.00228743 0.979842 0.00114863 0.00124979 0.00100364 0.0134311 0.00103714
1 0.0765289 0.00307977 0.881008 0.00232 0.0197001 0.00250495 0.0148582
6 0.00271791 0.00755109 0.00214975 0.671451 0.00438791 0.310023 0.00171974
4 0.0264505 0.00167484 0.00737367 0.00182598 0.948505 0.00293058 0.0112397
2 0.000435347 0.0195542 0.000422296 0.0496035 0.00189845 0.923791 0.00429539
1 0.0274594 0.00138726 0.967934 0.000433442 0.00202829 0.000684657 7.34065e-05
5 0.894461 0.00586433 0.0455726 0.0041751 0.0371457 0.00376258 0.00901822
7 0.0057246 0.95833 0.00180867 0.00874575 0.00505782 0.0146247 0.00570808
6 0.00365292 0.00465538 0.0015366 0.928841 0.00220097 0.0495192 0.00959342
1 0.0790305 0.00569892 0.891829 0.00212191 0.0157027 0.00239339 0.00322361
7 0.0165258 0.95749 0.00354173 0.00150611 0.00513383 0.0125763 0.00322606
4 0.0279764 0.000823658 0.012197 0.000853311 0.95556 0.00100516 0.00158482
2 0.00740571 0.0145761 0.00409634 0.00390852 0.00433672 0.954 0.0116767
1 0.0535323 0.000432637 0.940424 0.00106478 0.0010894 0.000655419 0.00280181
5 0.967592 0.00725386 0.0117374 0.00184908 0.00480672 0.00379405 0.00296693
6 0.00327247 0.000282738 0.00171457 0.976031 0.00604575 0.00619546 0.00645811
7 0.0155604 0.964146 0.00600232 0.00213033 0.00540327 0.00102497 0.00573315
2 0.0063694 0.00377953 0.00400133 0.0164207 0.00184422 0.950365 0.0172203
1 0.0810241 0.000276225 0.915127 0.000867149 0.000754375 0.000264558 0.00168616
5 0.983726 0.000528417 0.0126389 0.000312319 0.00237499 0.000247921 0.000171825
3 0.0131524 0.00141581 0.00901124 0.00116974 0.00253066 0.0030178 0.969702
7 0.00130513 0.966287 0.00295238 0.0060526 0.00501873 0.0139677 0.00441674
1 0.00901105 0.00279606 0.983253 0.000559015 0.000709956 0.000334755 0.00333645
2 0.0003368 0.00677984 0.000497864 0.00173744 0.00158295 0.988575 0.00048978
6 0.00621032 0.00451853 0.00290867 0.952813 0.00609995 0.0232677 0.00418208
1 0.0804105 0.000458694 0.917257 0.000628213 0.000941083 0.00017175 0.000133207
3 0.0145032 0.000205361 0.00938489 0.0014677 0.00341826 0.00041416 0.970606
7 0.00349678 0.985423 0.00263942 0.000925114 0.00171452 0.00370603 0.00209473
5 0.877377 0.00154325 0.0926886 0.00206492 0.0161627 0.00250873 0.0076553
1 0.0793845 0.00506152 0.894541 0.00144015 0.00843787 0.00306035 0.00807482
4 0.0066407 0.00068916 0.000834421 0.00928009 0.969575 0.00363641 0.00934384
7 0.00479863 0.954991 0.00188341 0.00949722 0.00595503 0.0152506 0.00762362
1 0.0419659 0.00355344 0.899788 0.00808035 0.0240424 0.00341847 0.0191509
2 0.00277465 0.0157429 0.00205337 0.0389944 0.00591066 0.924517 0.0100074
6 0.0038453 0.0126599 0.00325132 0.918933 0.0169512 0.0330627 0.011297
4 0.00493579 0.000524033 0.00621456 0.0018057 0.972818 0.000820881 0.0128814
1 0.0271797 0.000405518 0.941015 0.00184831 0.0061156 0.000929056 0.0225066
2 0.00256483 0.0193806 0.00054254 0.0381149 0.0039683 0.934322 0.00110702
5 0.836832 0.00616962 0.132307 0.00122193 0.0198767 0.00254817 0.00104367
4 0.0327926 0.00466454 0.0033135 0.000892808 0.951295 0.00569275 0.00134877
7 0.000116984 0.977305 8.70537e-05 0.0075222 0.00105651 0.0136802 0.000231831
1 0.0804017 0.000621571 0.904453 0.000565279 0.00579593 0.00161863 0.00654415
3 0.00460503 0.00211969 0.00167166 0.0126478 0.00973462 0.00401596 0.965205
2 0.00281012 0.00862874 0.00198723 0.0555767 0.00294962 0.912882 0.0151651
5 0.87094 0.0075975 0.0685596 0.0033195 0.044064 0.00138826 0.00413129
6 0.00369491 0.00718773 0.0026708 0.925259 0.00338736 0.0497444 0.00805567
1 0.0624672 0.00494982 0.884502 0.00219787 0.0260259 0.00307447 0.0167824
4 0.0133831 0.00619161 0.0036771 0.00413107 0.95734 0.00683276 0.00844454
7 0.000447397 0.992374 0.000241798 0.000912898 0.000983571 0.00480686 0.000233028
1 0.0427643 0.0049641 0.924098 0.00146392 0.0203985 0.00335833 0.00295262
2 0.00777799 0.0170049 0.00390501 0.0132954 0.0070884 0.936941 0.0139876
4 0.0274395 0.00769126 0.0102428 0.00192719 0.94806 0.00329169 0.00134729
6 0.00449237 0.00275878 0.00288519 0.917737 0.00634649 0.0400502 0.0257296
1 0.0573722 0.00144186 0.933867 0.000215977 0.00574891 0.00109502 0.000259281
7 0.0167806 0.961545 0.00803562 0.000402505 0.0044928 0.00487159 0.00387213
1 0.0798684 0.000403919 0.905113 0.00054519 0.00473245 0.00194107 0.00739552
5 0.946201 0.00064405 0.0482829 0.000496891 0.00374984 0.000156678 0.000468943
4 0.00903731 0.00606366 0.00180902 0.00334468 0.9649 0.00460675 0.0102385
3 0.0161271 0.00127993 0.00114555 0.00492501 0.00504442 0.0102077 0.96127
2 0.00216363 0.0111756 0.00190171 0.0416159 0.00726605 0.920129 0.0157479
6 0.00415485 0.00127854 0.00335215 0.959696 0.0123423 0.00328967 0.0158867
1 0.0801918 0.00051845 0.913689 0.000454195 0.00362773 0.000269842 0.0012495
7 0.00127145 0.967694 0.00104343 0.00506138 0.00890958 0.0115748 0.0044449
5 0.857454 0.00779566 0.0861111 0.00289121 0.0237426 0.00667268 0.0153333
2 0.0070182 0.0199437 0.00376841 0.038987 0.00643139 0.914124 0.00972752
4 0.0132606 0.00442506 0.00251111 0.0102668 0.94706 0.00543647 0.01704
1 0.0798935 0.000759813 0.907355 0.000845976 0.00911643 0.000614353 0.00141461
3 0.0204211 0.000921619 0.00362438 0.0030376 0.00894999 0.00522904 0.957816
7 0.00082953 0.962777 0.000383754 0.0064549 0.00504982 0.0146222 0.00988266
5 0.878317 0.00668666 0.0884461 0.00229647 0.00716742 0.00721603 0.00987014
1 0.0799484 0.00324336 0.906749 0.00146195 0.00325673 0.00303441 0.0023057
2 0.00147227 0.0129308 0.000381425 0.00227825 0.00134336 0.980209 0.00138527
6 0.00317292 0.000848397 0.00082054 0.951587 0.00272314 0.0375234 0.00332466
4 0.0113852 0.00332202 0.00364294 0.000566935 0.971352 0.00095421 0.00877651
1 0.0800274 0.00144268 0.9128 0.000754105 0.00271727 0.000805087 0.00145317
3 0.00110229 0.00297994 0.000716232 0.00964001 0.00496349 0.0106399 0.969958
5 0.976807 0.000527204 0.0186966 0.00170925 0.00121135 0.000396639 0.000651854
7 0.00477995 0.976573 0.00093184 0.00275674 0.000590988 0.0137365 0.000630973
4 0.0242536 0.0017975 0.00524558 0.00175745 0.943273 0.00455572 0.0191175
6 0.00286292 0.00171155 0.00382782 0.944277 0.00381289 0.0217132 0.0217947
1 0.0798985 0.000686413 0.910191 0.00118525 0.00501925 0.00103889 0.00198023
2 0.00522371 0.0129833 0.000755354 0.00266227 0.00265419 0.973138 0.00258341
3 0.00524861 0.00299286 0.00252276 0.0149316 0.00607835 0.00945911 0.958767
1 0.01568 0.000114869 0.981791 0.000364919 0.000671146 0.000206379 0.00117206
4 0.0316776 0.00401649 0.0100764 0.000225291 0.95238 0.000791424 0.000832962
5 0.891498 0.00334785 0.0537978 0.0016479 0.0412936 0.00205848 0.00635682
7 0.00141155 0.962275 0.00232176 0.0107507 0.00393785 0.0149353 0.00436776
2 0.00134176 0.0206784 0.000703223 0.0453216 0.00521693 0.921804 0.00493367
1 0.0761588 0.00685494 0.876489 0.00252674 0.0205707 0.00276999 0.0146302
6 0.00266869 0.000952082 0.00359566 0.962026 0.00353536 0.0068646 0.0203576
7 0.00523145 0.953309 0.00164516 0.0147522 0.00597192 0.0151024 0.00398821
1 0.0633144 0.0029467 0.884947 0.00268309 0.0270505 0.00258659 0.0164722
4 0.0320165 0.00399913 0.0105775 0.00141817 0.942793 0.00314606 0.00604943
2 0.000493567 0.0162639 0.00024566 0.0541111 0.00452123 0.922879 0.00148557
3 0.0185734 0.000399509 0.00727021 0.00302918 0.00590776 0.00648618 0.958334
5 0.896196 0.000625911 0.0936783 0.00164256 0.00609339 0.00122009 0.000544015
7 0.00826483 0.958734 0.00550836 0.00100873 0.00825806 0.0140488 0.00417696
1 0.0801349 0.000515075 0.914221 0.00122281 0.00240144 0.00106483 0.000439659
2 0.00403796 0.0151927 0.00350609 0.0151766 0.00500558 0.94033 0.0167513
6 0.000494627 3.95889e-05 0.00101137 0.990474 0.000971389 0.00287442 0.0041348
3 0.0145022 0.00152029 0.00584882 0.00596938 0.0101403 0.0106098 0.951409
1 0.0583924 0.000451385 0.931846 0.000580834 0.00719806 0.000690114 0.000841443
5 0.886368 0.00026175 0.0935619 0.00123038 0.0173082 0.000693497 0.000576066
2 0.0053878 0.00614451 0.00243212 0.00674458 0.00225421 0.960878 0.0161587
4 0.0201081 0.00105174 0.0112036 0.00107271 0.956704 0.00296138 0.00689821
5 0.883528 0.000272813 0.0931483 0.00315365 0.0143379 0.000606535 0.00495272
1 0.0193242 0.00188227 0.966796 0.000754647 0.00278238 0.000958515 0.00750192
5 0.89329 0.0192233 0.039028 0.00105818 0.037685 0.00209649 0.00761852
7 0.0106969 0.975782 0.00160572 0.00105794 0.00432224 0.0056337 0.000901795
6 0.00241193 0.00975829 0.00307367 0.920014 0.00449986 0.049253 0.0109894
2 0.00137504 0.0078768 0.000989691 0.0434004 0.00268803 0.923761 0.0199094
1 0.08999 0.0111204 0.879485 0.00209877 0.00732566 0.00277692 0.00720275
4 0.0252121 0.00610429 0.0129313 0.000622418 0.94657 0.00188331 0.00667618
7 0.0138392 0.945119 0.00624881 0.00551913 0.00801748 0.0128738 0.00838287
1 0.0151741 0.00452679 0.957969 0.00116229 0.0161007 0.00264273 0.00242411
5 0.89325 0.00563489 0.0313382 0.008789 0.0326825 0.00308701 0.0252187
7 0.017148 0.955522 0.00229528 0.00039644 0.00679061 0.0107864 0.00706095
6 0.00490555 0.00230461 0.00338628 0.93736 0.00587771 0.0232168 0.0229492
2 0.00519076 0.00403183 0.00229641 0.00488901 0.00426042 0.973997 0.00533447
1 0.0776248 0.000763635 0.899986 0.000911928 0.0196128 0.000411039 0.00069013
4 0.0195138 0.00136161 0.0108579 0.000531872 0.96107 0.000347572 0.00631678
5 0.886683 0.0265457 0.0360874 0.00221233 0.0318757 0.00466145 0.0119349
7 0.0174525 0.960448 0.00538913 0.000616759 0.00535209 0.00691 0.00383193
6 0.00368733 0.000528698 0.00328493 0.970727 0.00420263 0.00521609 0.0123537
2 0.00317788 0.0052981 0.00269548 0.011054 0.000729464 0.962387 0.0146578
1 0.0799412 0.00313581 0.892371 0.00223493 0.00945288 0.00245599 0.0104084
5 0.922037 0.00520005 0.0679922 0.000477419 0.00294474 0.000316805 0.00103156
3 0.00824252 0.000367601 0.00723675 0.00390549 0.00406227 0.00975055 0.966435
1 0.0657168 0.00402763 0.894704 0.00232203 0.011918 0.00301305 0.018298
7 0.00583107 0.96791 0.00367471 0.00136566 0.00790629 0.0080248 0.00528698
2 0.00192846 0.0154734 0.00328123 0.0298189 0.00482162 0.942545 0.00213153
6 0.00459127 0.00359422 0.00265305 0.921701 0.00811323 0.049606 0.00974092
1 0.0719328 0.0108106 0.878191 0.0022737 0.017982 0.0106357 0.00817388
3 0.0166112 0.00115558 0.010149 0.00100279 0.00486379 0.00566191 0.960556
7 0.00515307 0.971066 0.00627289 0.00200911 0.00329553 0.00826599 0.0039374
1 0.0733231 0.00721467 0.898574 0.00108451 0.00655971 0.00392535 0.00931829
4 0.00156648 0.000579258 0.00140053 0.00393363 0.975204 0.00183741 0.0154784
5 0.860297 0.00107144 0.0858098 0.00117941 0.0372754 0.00106588 0.0133013
7 0.000174801 0.973934 0.000168156 0.00862284 0.00272758 0.0139965 0.000375771
1 0.0437276 0.000310717 0.951026 0.000284014 0.00436604 8.76978e-05 0.000197517
2 0.00336856 0.0151366 0.00221735 0.0194512 0.00476653 0.950559 0.00450055
4 0.0224912 0.00396445 0.0127072 0.00176163 0.945528 0.00165227 0.0118952
6 0.00160423 0.00188966 0.00101527 0.929061 0.0108029 0.0467601 0.00886641
1 0.0794103 0.00053306 0.889982 0.00331077 0.00903761 0.00193507 0.0157914
2 0.00288687 0.00769431 0.00232785 0.0568726 0.00417069 0.921571 0.0044767
5 0.88439 0.0248228 0.0372946 0.00377695 0.0276325 0.0123632 0.00972006
4 0.0210428 0.00835482 0.0110994 0.00333482 0.939384 0.00673512 0.0100488
7 0.00669376 0.947823 0.0051535 0.0111927 0.00762623 0.0159388 0.00557213
1 0.0459137 0.0048857 0.895893 0.00433893 0.0185359 0.00456489 0.0258675
5 0.870877 0.0088153 0.0922811 0.00254259 0.0162509 0.00320251 0.00603099
2 0.000526429 0.0146806 0.00204609 0.0553783 0.00293395 0.915745 0.00868964
6 0.000874741 0.000427105 0.00105237 0.932283 0.00120729 0.0453184 0.0188366
1 0.0588934 0.00287446 0.892064 0.00356517 0.00807439 0.00527431 0.0292542
4 0.0041725 0.00218545 0.00136909 0.00846016 0.971149 0.00427079 0.00839312
7 0.000371386 0.987031 0.000159981 0.000869247 0.00115813 0.0100199 0.000389898
3 0.00510784 0.00235292 0.00264102 0.00800442 0.0027766 0.0104402 0.968677
1 0.0795893 0.00472731 0.901677 0.00104695 0.00812376 0.00260395 0.0022313
2 0.0123581 0.013355 0.00572329 0.00980879 0.0072788 0.935756 0.0157198
4 0.00205392 0.00347798 0.00108184 0.000858797 0.990696 0.000323828 0.00150779
1 0.0793331 0.00385082 0.896931 0.000756644 0.0155844 0.00258982 0.000953809
6 0.00480408 0.00176705 0.00317927 0.95197 0.00266369 0.0217581 0.0138579
7 0.00682533 0.967006 0.00380276 0.000939948 0.00906076 0.00607093 0.00629449
1 0.078416 0.000824757 0.89156 0.00180844 0.0180837 0.00267527 0.00663211
5 0.862279 0.00338749 0.0879852 0.00280675 0.0179496 0.00739392 0.0181982
4 0.0037582 0.00122899 0.00146508 0.0001333 0.992244 0.000480964 0.000689962
2 0.00538979 0.014639 0.00221257 0.013413 0.01298 0.938044 0.0133218
3 0.000801069 0.000203278 0.000581134 0.0125862 0.0024186 0.0025339 0.980876
6 0.00414379 0.00533123 0.00291348 0.907818 0.0145829 0.0424107 0.0228002
1 0.0767796 0.00244119 0.88731 0.00118776 0.0210449 0.00301522 0.00822173
7 0.00947557 0.955171 0.00298384 0.00415062 0.0045413 0.0136555 0.0100226
5 0.901985 0.000232031 0.0940657 0.000705195 0.0010689 0.000405271 0.00153744
2 0.00287681 0.0200793 0.00142902 0.0403965 0.00119267 0.927599 0.00642656
1 0.0347119 0.00101085 0.954891 0.00135894 0.00540035 0.00082111 0.00180598
4 0.00776499 0.0025331 0.00126294 0.00318744 0.964422 0.00445108 0.0163788
3 0.00389091 0.000969114 0.000926052 0.0132309 0.00708047 0.00980227 0.9641
7 0.0119277 0.960659 0.00149862 0.00285148 0.00923697 0.00894794 0.00487882
1 0.0566183 0.000540332 0.938471 0.000745783 0.00169201 0.000647865 0.00128495
4 0.0338905 0.0013705 0.00773696 0.00174515 0.942775 0.00259999 0.00988157
5 0.889398 0.00539002 0.0932667 0.000823453 0.00859463 0.00181686 0.000710072
2 0.0022198 0.017477 0.00238438 0.031644 0.00404247 0.936257 0.0059753
6 0.00379448 0.00350458 0.00266851 0.909612 0.0152696 0.0413201 0.0238303
1 0.0798673 0.00223747 0.89901 0.000742916 0.0130687 0.00301996 0.00205376
5 0.892535 0.000246921 0.0935852 0.000707534 0.0124727 0.000211881 0.000241216
3 0.00845489 0.00267205 0.0045481 0.00446012 0.00789637 0.0112265 0.960742
4 0.0311956 0.00387556 0.00325011 0.000667797 0.952949 0.00680548 0.00125673
6 0.00505495 0.00193377 0.00239884 0.931938 0.00670994 0.0281422 0.0238225
1 0.0797124 0.00339722 0.896903 0.00177491 0.0038749 0.0044895 0.00984787
2 0.00595693 0.0129204 0.0021305 0.000807781 0.00522423 0.971169 0.00179134
7 0.00740483 0.972785 0.000375565 0.00252768 0.00223102 0.0138163 0.000859623
1 0.071288 0.00383413 0.886902 0.00128216 0.0254607 0.00260289 0.00862963
3 0.00681596 0.0023554 0.0068539 0.00813655 0.00937531 0.00208587 0.964377
4 0.0277637 0.00795016 0.0096594 0.000755686 0.944836 0.00268409 0.0063506
5 0.87559 0.00147942 0.091083 0.000482002 0.0244545 0.000818662 0.00609215
7 0.000517108 0.977439 0.000989766 0.00616314 0.00774842 0.00527701 0.00186563
2 0.000405576 0.00744206 0.000442489 0.0567941 0.0038288 0.929734 0.00135302
1 0.0773996 0.0091174 0.899599 0.000935804 0.0104451 0.00123177 0.0012717
6 0.0031227 0.00487878 0.00281792 0.916957 0.00491281 0.0490575 0.0182531
7 0.00045664 0.970729 0.000130091 0.00920693 0.00230172 0.014243 0.00293223
1 0.079584 0.00163488 0.891836 0.000827983 0.0150225 0.00170771 0.00938716
2 0.00317627 0.0131236 0.00335535 0.00093626 0.00564825 0.967685 0.00607573
3 0.0170085 0.00111413 0.00730447 0.00288315 0.00415171 0.0116795 0.955859
4 0.0131266 0.000139978 0.00975035 0.000144403 0.97551 0.000244331 0.00108403
5 0.872595 0.000470119 0.0961148 0.00250204 0.0198459 0.00235119 0.00612129
1 0.0799225 0.000214579 0.904566 0.000374913 0.0132246 0.0001205 0.00157721
2 0.00515291 0.00706778 0.00400868 0.0208028 0.0159902 0.934551 0.0124271
7 0.00337177 0.96533 0.00242105 0.004616 0.00509033 0.0141673 0.005004
6 0.000488237 0.000191085 0.000528369 0.965532 0.00380333 0.0229125 0.00654409
3 0.0091924 0.00450122 0.00524774 0.00224125 0.00458675 0.0103767 0.963854
1 0.0803498 0.00022646 0.917588 0.00053215 0.000953473 0.000180885 0.000169655
5 0.888953 0.000830738 0.0932402 0.00159888 0.0113245 0.000753464 0.00329904
2 0.00157694 0.00889232 0.00197007 0.0110324 0.00489355 0.954718 0.0169171
4 0.0256629 0.000181149 0.0126744 0.000225888 0.959866 0.000728337 0.000661328
2 0.0014167 0.00335041 0.0012644 0.0257362 0.000939204 0.949296 0.0179968
1 0.0141962 0.0097021 0.964269 0.00218552 0.0042765 0.00410351 0.00126755
5 0.878457 0.0171617 0.0474753 0.00360216 0.0409526 0.00432478 0.00802698
7 0.00846027 0.946217 0.00368986 0.0075158 0.00665888 0.014917 0.0125413
6 0.00372923 0.004389 0.00308983 0.914766 0.00483242 0.0475704 0.0216227
1 0.072545 0.0192337 0.885998 0.00200733 0.0140082 0.00221268 0.00399478
2 0.00158282 0.0300332 0.00209691 0.0421264 0.00515577 0.909281 0.00972367
7 0.0118393 0.95759 0.00417858 0.00272215 0.00466462 0.0149946 0.0040106
4 0.0284442 0.000524032 0.0133876 0.00122797 0.946342 0.00124648 0.00882796
1 0.0169585 0.000389082 0.978998 0.000474821 0.00222881 0.000360483 0.000589877
5 0.908044 0.008406 0.043755 0.00199991 0.0219204 0.00349289 0.0123821
7 0.0127014 0.964929 0.00304899 0.000651336 0.00793466 0.00305596 0.00767869
6 0.00180027 0.000422333 0.0010283 0.9831 0.00325835 0.00572767 0.00466322
2 0.00763641 0.0146758 0.00372235 0.0140228 0.00521052 0.93614 0.0185926
1 0.079814 0.00144689 0.903053 0.000599059 0.0141386 0.000285398 0.000662815
5 0.874068 0.00325088 0.0925939 0.00178335 0.0253326 0.0014156 0.0015554
7 0.0150426 0.962879 0.00877229 0.00156246 0.00440895 0.00216931 0.00516505
6 0.00470952 0.00166655 0.00455577 0.960602 0.00483752 0.0106083 0.0130204
4 0.0256173 0.00143933 0.0126788 0.00115493 0.955115 0.000395169 0.00359952
2 0.00815461 0.00961594 0.00296927 0.0246885 0.00439664 0.931069 0.0191061
1 0.0796165 0.00163936 0.901774 0.000965393 0.00947956 0.000550963 0.00597456
5 0.881071 0.00244921 0.0929609 0.00223943 0.0158806 0.0032666 0.00213203
3 0.0171641 0.00133267 0.00978371 0.00137574 0.00279966 0.00228016 0.965264
1 0.0596067 0.00184766 0.924844 0.000827318 0.00483437 0.000929133 0.00711042
7 0.00511383 0.972831 0.00382471 0.0020953 0.00111467 0.0137614 0.00125947
1 0.0564541 0.00386855 0.935668 0.000480595 0.00310927 0.000316135 0.000103323
6 0.00488006 0.00475002 0.00292331 0.922478 0.00539756 0.0493975 0.0101734
2 0.00220866 0.0189253 0.00368806 0.0492376 0.00285269 0.918515 0.00457283
3 0.00885489 0.00123948 0.00229721 0.00775099 0.00226502 0.0107696 0.966823
7 0.00406214 0.962353 0.00111761 0.00960948 0.00255639 0.0144959 0.00580517
1 0.0678684 0.000331775 0.927105 0.000623269 0.00208231 0.000196233 0.00179343
5 0.932042 0.0126347 0.0157234 0.000944273 0.0341769 0.00155391 0.00292446
4 0.0329974 0.00179502 0.00893575 0.000514986 0.94403 0.00273701 0.00899013
1 0.0476741 0.00218697 0.89398 0.00431151 0.0264694 0.00331839 0.0220595
2 0.00510267 0.0171927 0.00202274 0.0310932 0.00765093 0.928216 0.00872175
7 0.00149717 0.966595 0.00179031 0.00606033 0.00679783 0.0141561 0.00310347
4 0.000460823 0.00400484 0.000304903 0.00896537 0.97259 0.00666272 0.0070109
1 0.0794754 0.000450177 0.912142 0.000809579 0.00584653 0.000474227 0.000802408
2 0.000873649 0.00550938 0.000469962 0.0363359 0.000970564 0.954662 0.00117854
6 0.00299744 0.00652863 0.00301957 0.924726 0.00457183 0.0496732 0.00848334
5 0.871447 0.00407389 0.0925514 0.00178138 0.0205258 0.00224476 0.00737613
4 0.0310266 0.0018458 0.00530529 0.00028975 0.958426 0.00105341 0.0020534
1 0.0810222 0.00065295 0.915759 0.000503052 0.00142128 0.000450666 0.00019104
7 0.00534851 0.979046 0.00141247 0.0027572 0.00770656 0.00249132 0.00123812
5 0.85067 0.0219921 0.0797151 0.003626 0.0333839 0.00548907 0.00512378
2 0.000851531 0.00862455 0.000620019 0.0567977 0.00176081 0.923365 0.00798021
6 0.00096303 0.000842223 0.000909764 0.938383 0.00348416 0.0324294 0.0229883
1 0.109577 0.00415728 0.867472 0.00221986 0.00442486 0.00412543 0.00802398
4 0.00419738 0.00271979 0.000860218 0.00883446 0.970009 0.00541929 0.00796032
7 0.0149179 0.945076 0.00601153 0.00358961 0.00870513 0.0131928 0.00850735
1 0.0397891 0.00053558 0.944504 0.000207267 0.0140632 0.000324524 0.000576824
3 0.00847345 0.00221815 0.00775462 0.0139452 0.00725315 0.00649791 0.953858
1 0.0578701 0.000384934 0.940522 0.000160661 0.000734115 0.000242004 8.60741e-05
2 0.00743529 0.0143014 0.00406284 0.00119438 0.00193623 0.957431 0.0136388
4 0.0336678 0.00318756 0.0044039 0.00192332 0.950603 0.00165481 0.00455976
6 0.005382 0.00216471 0.00369377 0.943495 0.00175038 0.0219038 0.0216099
7 0.00615446 0.960655 0.00564039 0.00127117 0.00214299 0.0149116 0.00922432
1 0.0757921 0.0024041 0.902371 0.00211185 0.00431469 0.00270882 0.0102972
5 0.890049 0.00262827 0.0933137 0.000831811 0.0115085 0.000598399 0.00107021
4 0.0225621 0.00820229 0.00614545 0.0074045 0.933046 0.00521984 0.0174199
2 0.00285653 0.0187717 0.00140763 0.0480128 0.00699503 0.915358 0.00659858
3 0.00932912 0.00107197 0.00440607 0.00869309 0.00852016 0.0014478 0.966532
1 0.0788154 0.00553768 0.893802 0.000708274 0.0165361 0.000364737 0.0042356
7 0.00271167 0.964641 0.00264288 0.00485734 0.00176737 0.0145756 0.00880468
6 0.000998198 0.000282137 0.000946074 0.985188 0.00110761 0.00776418 0.0037143
5 0.901021 0.000908818 0.0940899 0.000315972 0.00314406 0.00019634 0.000324002
2 0.000810657 0.0143712 0.000316045 0.0122837 0.00119193 0.964624 0.00640198
1 0.0799398 0.000284105 0.906045 0.00141774 0.00969546 0.000679285 0.00193881
4 0.0278318 0.00320949 0.0125036 0.000448805 0.951636 0.00300523 0.00136532
3 0.0123677 0.00202139 0.00224353 0.00242897 0.0102003 0.00913473 0.961603
1 0.0767353 0.00192104 0.898742 0.000664918 0.0207452 0.000606305 0.000584928
5 0.87645 0.00862584 0.0928924 0.00157695 0.0138868 0.00259558 0.0039727
7 0.00464752 0.957683 0.00121701 0.00725406 0.00757504 0.014841 0.00678189
6 0.00370586 0.00264957 0.00197559 0.94515 0.00761428 0.0167681 0.0221362
4 0.00946211 0.00272509 0.000784668 0.00629246 0.955406 0.0126082 0.0127214
2 0.00445527 0.00875224 0.00170578 0.0369636 0.00116755 0.929903 0.0170525
1 0.0800986 0.000517121 0.912694 0.000733764 0.00432607 0.000501028 0.001129
3 0.00114968 0.000725346 0.000385773 0.015404 0.000735806 0.00798527 0.973614
5 0.873313 0.0100066 0.0926543 0.00124993 0.0170132 0.00163889 0.00412374
1 0.0802563 0.000762016 0.916532 0.000650223 0.000917389 0.000485916 0.000396151
4 0.00212046 0.00150909 0.000761875 0.00112869 0.985884 0.0049665 0.00362972
6 0.0020131 0.00349626 0.000631251 0.926757 0.00564761 0.0482257 0.0132295
2 0.00116925 0.0117847 0.000825215 0.0562694 0.00429271 0.922484 0.00317467
7 0.00070045 0.961258 0.00189318 0.0104513 0.00580892 0.015067 0.00482131
1 0.0200923 0.00274468 0.954258 0.000834586 0.0113058 0.00109243 0.0096725
3 0.00544514 0.00296094 0.00179085 0.0101342 0.00955881 0.0039436 0.966166
5 0.879452 0.00897601 0.058024 0.00246777 0.0427078 0.00340474 0.00496807
7 0.00649962 0.972093 0.00301368 0.00285563 0.00781153 0.00330958 0.00441671
4 0.0215154 0.0031968 0.0146753 0.000432355 0.953217 0.00173446 0.0052285
2 0.00147835 0.00526792 0.00109575 0.0566057 0.00367644 0.926232 0.00564341
1 0.0805359 0.00302988 0.908023 0.000658959 0.00338127 0.00191684 0.00245436
7 0.00113351 0.969274 0.000203526 0.00669231 0.00658523 0.0141522 0.00195921
6 0.00380103 0.00110749 0.00301985 0.930792 0.0109232 0.0270131 0.0233433
1 0.0112993 0.000225083 0.985577 0.000564611 0.000313774 0.000415891 0.00160404
2 0.00565836 0.00133947 0.00324033 0.00544439 0.00729567 0.960765 0.0162564
3 0.0113329 0.00489025 0.0078768 0.00403701 0.00332273 0.0112066 0.957334
4 0.0217126 0.000860815 0.0116587 0.000192732 0.963479 0.00046998 0.00162603
1 0.0595253 0.000446595 0.903346 0.00129576 0.0267552 0.00109069 0.00753997
5 0.876464 0.00209113 0.0926807 0.00268953 0.0172147 0.00600284 0.00285741
2 0.00044653 0.00655597 0.000307886 0.0398893 0.00276555 0.942652 0.00738238
6 0.000307751 2.78215e-05 0.000407026 0.984042 0.0020744 0.00335267 0.00978808
3 0.0026094 0.00277494 0.00420801 0.00740184 0.00150693 0.0100899 0.971409
5 0.878799 0.000880247 0.0930007 0.00154424 0.0169287 0.00259159 0.00625581
7 0.00612819 0.956358 0.00317956 0.00439408 0.00365885 0.0148966 0.0113845
1 0.0798036 0.000172832 0.909026 0.00144337 0.00646028 0.00114423 0.00194922
2 0.0065958 0.0151377 0.00505358 0.00750776 0.0114488 0.945106 0.00915025
4 0.0194553 0.00035487 0.0109867 0.000370183 0.957474 0.000719978 0.0106393
6 0.00421239 0.00254008 0.00289842 0.926528 0.0065869 0.0323333 0.0249006
1 0.026503 0.00433526 0.941475 0.00258524 0.0188175 0.00233172 0.00395262
5 0.892571 0.00810361 0.0460864 0.00356138 0.0377272 0.00389019 0.00805982
7 0.00242708 0.97072 0.000756664 0.00220741 0.00676862 0.0137647 0.00335591
6 0.000582622 0.000163613 0.000439969 0.981008 0.00182786 0.00661999 0.00935772
1 0.0665247 0.00739851 0.886852 0.00204522 0.0270762 0.003376 0.0067271
2 0.00517842 0.0175177 0.00163607 0.028287 0.00398946 0.931638 0.0117537
7 0.00548363 0.957721 0.0014818 0.00374449 0.00684331 0.0144753 0.0102502
4 0.0241614 0.00673936 0.0122813 0.0013554 0.945822 0.00211952 0.00752095
1 0.0788061 0.00299801 0.894038 0.000819057 0.0169759 0.000795535 0.0055676
5 0.872982 0.0123771 0.0597556 0.00137151 0.0262764 0.00441031 0.0228267
7 0.0107871 0.954766 0.00304004 0.00464994 0.0028792 0.0150848 0.00879283
6 0.00218662 0.000304287 0.00237801 0.967469 0.00120716 0.006121 0.0203336
2 0.00196094 0.00793122 0.000646277 0.0253952 0.00187534 0.94666 0.0155307
1 0.0803617 0.00054464 0.916092 0.00072351 0.00189324 0.000215325 0.000169928
5 0.900801 0.00264017 0.0941101 0.00056404 0.00147869 0.000219544 0.000186639
7 0.0169815 0.9588 0.00385313 0.0013273 0.00496972 0.00714539 0.00692313
6 0.00572746 0.00109131 0.00379627 0.961186 0.00530496 0.0109628 0.0119316
1 0.0207674 0.000719072 0.969166 0.000819232 0.0023828 0.00033611 0.00580959
4 0.02834 0.000234363 0.0123645 0.000418189 0.955451 0.00029098 0.00290111
2 0.00645292 0.014346 0.00149237 0.0127945 0.00509706 0.94295 0.0168673
5 0.888085 0.000917962 0.0933618 0.000843523 0.016221 0.000289488 0.00028112
3 0.0150293 0.000308329 0.0087174 0.00339745 0.00692295 0.0049622 0.960662
1 0.0560599 0.000332165 0.936666 0.00042626 0.00495089 0.000380032 0.0011852
7 0.00377633 0.968382 0.00207879 0.00233373 0.00501593 0.0138723 0.00454083
1 0.0566825 0.00475281 0.897751 0.00264524 0.0264952 0.00306512 0.00860813
6 0.00552727 0.00630071 0.00419442 0.913514 0.00640553 0.0490248 0.0150335
7 0.00583354 0.972046 0.00156553 0.00288895 0.00298323 0.0137381 0.000944526
1 0.0159585 0.00570075 0.939375 0.00442154 0.0182515 0.00378369 0.0125093
2 0.00148692 0.013298 0.000570481 0.00774723 0.00476629 0.96984 0.00229058
4 0.000379427 6.71111e-05 0.000339026 0.00527172 0.977689 0.000851804 0.0154015
1 0.0125981 0.0036353 0.950619 0.00367269 0.0163111 0.00305607 0.0101076
3 0.00554265 0.00297415 0.00403015 0.0082051 0.00877006 0.00382037 0.966658
5 0.861987 0.015001 0.0905511 0.00286016 0.0184581 0.00373343 0.00740979
2 0.000956792 0.00243304 0.000586743 0.0565678 0.000606338 0.936969 0.00188008
4 0.0060432 0.00628844 0.00420994 0.00496367 0.963514 0.00436004 0.0106211
7 0.000432383 0.976816 0.000622842 0.00766364 0.000724164 0.0134853 0.000255874
1 0.0798949 0.0012591 0.898627 0.00043259 0.0132114 0.000893838 0.00568158
5 0.882744 0.00172978 0.092799 0.00109863 0.0163947 0.00203625 0.0031978
2 0.000898093 0.00967572 0.00227714 0.0567564 0.0039549 0.918482 0.00795537
6 0.00129924 0.00130562 0.00201371 0.931238 0.000921328 0.0480048 0.0152176
4 0.00613668 0.00608776 0.00449248 0.00219377 0.967237 0.00589972 0.00795251
1 0.0807203 0.000855995 0.911717 0.00057949 0.00393031 0.00035344 0.00184368
7 0.000690643 0.996385 0.00168749 0.000147517 0.000362405 0.000654492 7.20774e-05
2 0.000340087 0.00962356 0.000528799 0.0566448 0.00463671 0.922762 0.0054643
6 0.000499848 0.000684344 0.000239636 0.938744 0.00164331 0.0487385 0.00945059
1 0.0732618 0.00113917 0.916678 0.0007974 0.00546145 0.00134784 0.00131438
5 0.879497 0.028723 0.0697769 0.00145741 0.0137893 0.00439463 0.00236161
4 0.00387248 0.00472066 0.00414078 0.000241092 0.98608 0.000740458 0.000204784
7 0.00919337 0.969176 0.00267754 0.00064074 0.0089806 0.00578189 0.00354979
1 0.0797837 0.00111235 0.912886 0.000311876 0.00448984 0.00103358 0.00038303
1 0.0785641 0.00189391 0.898941 0.000786848 0.0177464 0.000991833 0.0010756
4 0.0310409 0.00277053 0.0110863 8.39248e-05 0.953723 0.000263043 0.00103245
2 0.008195 0.0166722 0.00524394 0.017072 0.00523667 0.931217 0.0163629
3 0.010718 0.0026929 0.00307584 0.00304451 0.00915127 0.00293693 0.968381
6 0.0045759 0.0053682 0.00232116 0.922785 0.0166696 0.0416883 0.00659215
1 0.0634703 0.00125145 0.919707 0.000491706 0.0122793 0.000726431 0.00207337
7 0.00749687 0.951657 0.00280874 0.00663519 0.00915916 0.0139821 0.00826066
5 0.889062 0.00174864 0.0627844 0.00103014 0.0433337 0.000930076 0.00111135
2 0.00309177 0.00510287 0.00125329 0.0488986 0.00755359 0.913575 0.0205244
4 0.0282493 0.00142119 0.012937 0.000339781 0.944138 0.000422959 0.0124918
1 0.0797291 0.00301038 0.907171 0.000947142 0.00497836 0.00152353 0.00264064
3 0.00267157 0.00170985 0.000983937 0.0144148 0.00236662 0.00892757 0.968926
5 0.842269 0.0127371 0.0657744 0.00308503 0.0343202 0.0140917 0.0277228
7 0.00544117 0.962795 0.00128509 0.00410424 0.00591177 0.0144899 0.00597271
2 0.000742768 0.0111961 0.000248748 0.0112611 0.00135535 0.973951 0.00124457
1 0.0735976 0.017006 0.88165 0.00216976 0.0156689 0.00390317 0.00600406
4 0.0210244 0.00491736 0.00436261 0.000375672 0.959375 0.00643278 0.00351214
6 0.00425991 0.00435233 0.00299077 0.921803 0.00569624 0.0353147 0.0255832
3 0.0106824 0.00342634 0.00329812 0.00115733 0.00885892 0.00492863 0.967648
1 0.284665 0.000840624 0.701955 0.00142986 0.00796431 0.00167274 0.00147255
5 0.871977 0.00924211 0.0921793 0.00268288 0.0174921 0.00371691 0.00270928
2 0.000169365 0.0129698 0.000101982 0.00538247 0.000494001 0.979022 0.00186014
7 0.000375225 0.960235 0.000127101 0.00760717 0.00282292 0.0227985 0.00603424
6 0.000958142 0.000308936 0.000980174 0.956097 0.00398236 0.0163577 0.0213156
4 0.0336824 0.000423045 0.00342353 0.00164782 0.954204 0.00447371 0.00214576
1 0.078362 0.000874348 0.896093 0.00232045 0.0182733 0.00231091 0.00176591
3 0.00475281 0.00283216 0.00306776 0.0114257 0.00951863 0.00811758 0.960285
1 0.0799318 0.00368602 0.909436 0.000922693 0.00237634 0.00218245 0.00146499
5 0.813181 0.0107798 0.153225 0.00146124 0.0154436 0.00112459 0.00478479
4 0.0325595 0.00507437 0.00924916 0.00173823 0.937657 0.0073113 0.00641057
2 0.0010381 0.0147467 0.000957272 0.0552022 0.00479303 0.918626 0.00463664
7 0.000754361 0.961877 0.000594787 0.00701256 0.00835288 0.0142799 0.00712832
6 0.00152179 0.00391061 0.00104121 0.929087 0.00395722 0.0494683 0.0110137
1 0.0376158 0.00193227 0.931894 0.00156742 0.0116387 0.00282234 0.012529
3 0.00217135 0.000829636 0.00564048 0.00778277 0.00826563 0.00193265 0.973377
7 0.000391926 0.993712 0.000344765 0.00198537 0.000893471 0.00218693 0.000485115
4 0.000867875 0.00149862 0.00120482 0.00558929 0.972949 0.00252172 0.0153688
2 0.00118358 0.00717462 0.00226375 0.0565949 0.00375056 0.923556 0.00547644
1 0.076428 0.00198293 0.891831 0.000852758 0.0198711 0.000851817 0.00818276
5 0.846863 0.0121025 0.0815156 0.0032288 0.0357786 0.00599973 0.0145121
7 0.00857929 0.967761 0.00799939 0.000278339 0.00882456 0.00143078 0.0051271
6 0.00357001 0.000504896 0.00316478 0.928835 0.00705281 0.0320388 0.0248336
1 0.0798191 0.000867946 0.906987 0.00236878 0.00446568 0.0037324 0.00175912
2 0.00225349 0.00704266 0.00148225 0.00441877 0.00743475 0.969871 0.00749744
3 0.0039278 0.00117265 0.00193717 0.0075704 0.00457366 0.00471975 0.976099
5 0.940279 0.00114474 0.050094 0.00198691 0.00427028 0.000707474 0.00151719
1 0.080185 0.000131727 0.90563 0.000764411 0.0126259 0.000199785 0.000463197
4 0.017905 0.000354819 0.00957621 0.000464192 0.964236 0.000339879 0.00712368
2 0.00113117 0.007573 0.00119543 0.0428345 0.00558945 0.922188 0.0194883
6 0.00357848 0.000668793 0.00333573 0.959645 0.00325764 0.00909864 0.0204161
3 0.00605262 0.000910445 0.00149671 0.009337 0.000600958 0.0100888 0.971513
5 0.688415 0.000258313 0.286326 0.00149988 0.0156356 0.00115372 0.00671117
2 0.008814 0.00919227 0.00378248 0.0372582 0.00797616 0.912144 0.0208327
1 0.0796764 0.000133614 0.913012 0.00114631 0.0051037 0.0004709 0.000457236
6 0.00177223 0.000536132 0.000804815 0.93553 0.00504401 0.0421723 0.0141403
1 0.0432332 0.000177228 0.943242 0.000831639 0.01102 0.000837637 0.000658627
1 0.0206858 5.87746e-05 0.971043 0.000436396 0.00677889 0.000237372 0.000760054
