labels 5 7 1 6 4 2 3
5 0.862135 0.0232337 0.0565067 0.00557682 0.0379473 0.00422027 0.01038
7 0.00815194 0.974964 0.00231431 0.00466218 0.00204652 0.00571519 0.00214553
1 0.0226021 0.00207695 0.962927 0.000610224 0.0100884 0.000365533 0.00132973
5 0.893676 0.00960112 0.0365001 0.00271277 0.0428326 0.00554372 0.00913336
7 0.0042689 0.981763 0.00219044 0.00194253 0.000910018 0.00682647 0.00209875
6 0.00269139 0.0091575 0.00219757 0.91078 0.00745687 0.0665044 0.00121223
1 0.046581 0.00530521 0.909459 0.00320448 0.0221608 0.00333115 0.00995855
1 0.00409514 0.00180637 0.982823 0.0004979 0.00412189 0.00123994 0.00541612
4 0.0338954 0.00189253 0.00705417 0.000233128 0.956 0.000746753 0.000177801
5 0.929026 0.016954 0.00697686 0.00121611 0.0349051 0.00218923 0.0087331
2 0.00717602 0.0183996 0.00356694 0.0356024 0.0108666 0.919815 0.00457388
7 0.00934372 0.982933 0.00184993 0.00126315 0.00124176 0.002984 0.000384038
6 0.00443603 0.00818343 0.00326795 0.908871 0.00769084 0.0665917 0.000958853
1 0.00347729 0.0122587 0.974068 0.00319745 0.0012235 0.00484832 0.000926488
4 0.027474 0.00245307 0.00838958 0.00435836 0.94073 0.00309208 0.0135033
5 0.88103 0.024732 0.0373309 0.00559444 0.0403629 0.00426212 0.00668786
7 0.0128182 0.91564 0.00964845 0.0195294 0.0097039 0.0157505 0.0169099
6 0.00304997 0.015632 0.00363422 0.895385 0.00733833 0.0652618 0.00969861
1 0.0113974 0.00518973 0.955648 0.00364059 0.0208875 0.00105395 0.00218276
1 0.00422304 0.00173775 0.990537 0.000823587 0.00188904 0.000597222 0.000192401
5 0.900955 0.00782534 0.0297801 0.00504444 0.0408516 0.00412462 0.011419
5 0.893673 0.0065297 0.0330397 0.00467869 0.0418186 0.00705014 0.0132106
2 0.000410356 0.0215014 0.000511765 0.0796956 0.00190552 0.893341 0.00263437
7 0.00172358 0.987943 0.0014236 0.0023982 0.00347594 0.00233998 0.000695389
1 0.00504302 0.000431867 0.992385 0.000349205 0.00107926 0.000681859 3.0001e-05
5 0.903925 0.00694483 0.031214 0.00567299 0.0402818 0.00357766 0.00838408
2 0.00220626 0.00933928 0.00127844 0.0672672 0.00265116 0.894182 0.0230752
7 0.0158704 0.947585 0.00931229 0.0028225 0.00177046 0.0166189 0.00602001
6 0.00477246 0.00808507 0.00389256 0.892887 0.00960158 0.0578127 0.0229486
1 0.0487874 0.0167889 0.914336 0.00313254 0.0074638 0.00375387 0.00573764
1 0.0497645 0.0114029 0.920162 0.00263128 0.0113848 0.0024282 0.0022266
4 0.0305948 0.00477834 0.0112503 0.00115913 0.943897 0.00129012 0.00702994
2 0.00177556 0.0241532 0.00346011 0.0720661 0.00647558 0.883709 0.0083604
7 0.0079612 0.93667 0.00346501 0.0212628 0.00644008 0.0169434 0.00725709
6 0.000179311 6.24719e-05 0.000236398 0.994692 0.000698284 0.00208901 0.00204204
1 0.0346602 0.0118387 0.917676 0.00265542 0.0257597 0.00334418 0.00406554
7 0.0228227 0.922473 0.0102826 0.0137269 0.00894364 0.0140574 0.00769424
6 0.00260794 0.00228437 0.00354889 0.911202 0.00316577 0.0662822 0.0109089
1 0.00405314 0.00110865 0.993202 0.000675214 0.000180021 0.000500832 0.000280174
2 0.00861858 0.0233182 0.0030219 0.0458601 0.00477215 0.896586 0.0178233
7 0.0188077 0.947427 0.00828248 0.00575274 0.00496864 0.00896982 0.00579204
6 0.00465926 0.00800893 0.001751 0.909274 0.00348754 0.0662938 0.006525
1 0.0489464 0.00578588 0.934817 0.00210474 0.00494774 0.00128233 0.002116
4 0.0262795 0.00166527 0.0122099 0.00287074 0.94706 0.00152732 0.00838763
3 0.00569252 0.00589408 0.00202971 0.0101106 0.0117708 0.012762 0.95174
7 0.00434049 0.957597 0.00347053 0.00491541 0.00333096 0.0144686 0.0118775
7 0.0147991 0.940758 0.00566081 0.00572541 0.0106884 0.0123521 0.010016
1 0.00233649 0.00916354 0.979115 0.0017629 0.0029266 0.00345742 0.00123804
1 0.00426677 0.000367853 0.992553 0.000625269 0.00122417 0.000636977 0.000325847
3 0.00882171 0.00488413 0.0150334 0.000713124 0.00388823 0.00294733 0.963712
5 0.911384 0.00516063 0.0622708 0.00182053 0.0156847 0.00257537 0.00110433
7 0.000748856 0.97366 0.00185586 0.00599981 0.0018892 0.0139074 0.00193895
1 0.00251382 0.0015515 0.994052 0.000209131 0.00015878 0.000170826 0.00134369
3 0.0109144 0.000912168 0.0104343 0.00504706 0.00713366 0.00884296 0.956716
3 0.0163943 0.00496115 0.0154085 0.000207209 0.00556123 0.002193 0.955275
2 0.00257657 0.0119596 0.00389798 0.00222568 0.00395903 0.974663 0.000717799
1 0.0447499 0.00832955 0.923252 0.00209817 0.00671622 0.0040123 0.0108421
5 0.933766 0.000105316 0.062925 0.0001078 0.00306428 2.55866e-05 6.2215e-06
2 0.00066557 0.00241085 0.000574774 0.0051425 0.00199942 0.988755 0.000451417
7 0.00342053 0.969674 0.00573625 0.00364198 0.00789967 0.00771092 0.00191659
1 0.0154663 0.000929468 0.979879 0.000372547 0.00158372 0.000291555 0.00147749
3 0.00524524 0.000265132 0.0137855 0.00129808 0.00494805 0.00207781 0.97238
2 0.00263911 0.0176142 0.00396991 0.0460971 0.00521255 0.922162 0.00230555
7 0.00332336 0.962811 0.011076 0.00489042 0.00115822 0.0152 0.00154122
6 0.00633155 0.00855348 0.00316424 0.952838 0.00974623 0.0171389 0.00222782
1 0.0206759 7.54712e-05 0.975713 0.00019379 0.00282219 0.000169864 0.000349523
1 0.0487064 9.9172e-05 0.950729 8.23557e-05 0.000215919 3.40065e-05 0.000133278
3 0.0169996 0.00261899 0.0114734 0.00189517 0.00261759 0.00426932 0.960126
7 0.000880067 0.9707 0.00549982 0.00177073 0.00344176 0.0145588 0.00314889
6 0.00538034 0.00581952 0.00271529 0.901337 0.0120864 0.0663682 0.00629326
1 0.0276098 6.24989e-05 0.972 8.46362e-05 0.000193504 4.03146e-05 9.61312e-06
1 0.0483856 0.0183019 0.906195 0.00297193 0.00991745 0.00700731 0.00722071
3 0.0103678 0.000193485 0.0153753 0.00104038 0.00643915 0.000200095 0.966384
7 0.00380351 0.97385 0.0156367 0.000908547 0.00125659 0.00309733 0.00144734
1 0.005538 0.000242123 0.993614 0.00014698 0.000339202 0.000107252 1.25753e-05
7 0.00445739 0.971991 0.0111141 0.00214751 0.00261488 0.00386061 0.00381434
6 0.00533387 0.00698428 0.00357509 0.900586 0.0101352 0.0664718 0.00691377
1 0.028975 0.00911185 0.923623 0.00318539 0.0235367 0.003645 0.00792328
1 0.0485953 0.00166881 0.947434 0.000322091 0.000433809 0.0011933 0.000352222
3 0.0151821 0.00143597 0.0159337 0.000851076 0.00791341 0.00352528 0.955158
5 0.933311 8.16175e-05 0.062909 0.000308511 0.00278549 3.2336e-05 0.000572119
5 0.909338 0.000982438 0.0624351 0.00126909 0.017375 0.0013353 0.0072648
2 0.00326581 0.0158945 0.00385985 0.0754807 0.00327393 0.89222 0.00600514
7 0.00242677 0.965376 0.0170194 0.00320594 0.0029443 0.00576761 0.0032602
6 0.00560519 0.00890003 0.00528222 0.896644 0.0107553 0.0663333 0.00648011
1 0.0215878 0.0013188 0.969158 0.000860746 0.00111558 0.00158941 0.00436967
3 0.00142993 0.00098754 0.00158306 0.00758038 0.00191393 0.00575501 0.98075
7 0.00558425 0.933221 0.00299765 0.0279671 0.00455407 0.0187752 0.00690029
1 0.0202203 0.00618723 0.95936 0.000832909 0.00137552 0.00305016 0.008974
4 0.0215912 0.0107191 0.00591248 0.00041585 0.952764 0.00791968 0.000677647
7 0.00137828 0.977041 0.00116942 0.00378623 0.00234393 0.0139628 0.000318788
1 0.0486647 0.000169405 0.94906 0.000220579 0.00110597 0.000122508 0.000656358
4 0.000321402 0.0006977 0.000437263 0.0171155 0.966385 0.00414811 0.0108947
7 0.000311892 0.937105 0.00033778 0.0354088 0.00450382 0.0189012 0.00343135
1 0.00610145 0.0086584 0.944543 0.00520188 0.0209983 0.00403802 0.0104589
4 0.000138382 0.000112291 0.000504418 0.00165057 0.978003 0.000811302 0.0187797
5 0.901508 0.00349695 0.0388256 0.0010218 0.0430194 0.00130573 0.0108225
2 0.00114605 0.0123314 0.000463862 0.0105607 0.00305741 0.971275 0.00116594
7 0.00169598 0.946022 0.00133277 0.0213292 0.003688 0.0162856 0.00964701
1 0.00625487 0.00688158 0.952869 0.0038287 0.0205376 0.00350505 0.0061233
5 0.94135 0.0113486 0.00501375 0.000680265 0.038726 0.00137123 0.00150973
7 0.000294736 0.955988 0.000368896 0.0233769 0.00315409 0.0165274 0.000289677
1 0.0263855 0.0022695 0.918452 0.00837956 0.0230398 0.00332982 0.0181442
1 0.0478191 0.000267537 0.946979 0.000297971 0.00445489 0.000106588 7.51624e-05
4 0.0324055 0.0034255 0.00833566 0.000496597 0.942637 0.00156572 0.0111337
2 0.00223868 0.0189048 0.00317958 0.0606548 0.00401982 0.898512 0.0124908
6 0.00219095 0.0107691 0.00474309 0.909975 0.0176657 0.0373333 0.0173224
1 0.0161913 0.00250272 0.942088 0.00420159 0.0220226 0.00318246 0.00981137
4 7.76041e-05 3.94366e-05 0.000152089 0.00226146 0.978459 0.000286207 0.0187243
4 0.000543328 0.0083132 0.000972229 0.00789957 0.962603 0.00150088 0.018168
2 0.00307159 0.0123828 0.00213815 0.0444322 0.00643839 0.921804 0.0097332
6 0.00257674 0.0220745 0.00419248 0.902899 0.0281094 0.031422 0.00872607
1 0.00111346 0.00217165 0.968541 0.00382461 0.0200693 0.0026478 0.0016323
4 0.00285202 9.23783e-05 0.000856773 0.000556011 0.991687 0.000139954 0.00381549
3 0.00163592 0.00741442 0.00575914 0.00318777 0.0179439 0.00357623 0.960483
5 0.902108 0.0131381 0.061859 0.0043082 0.0106743 0.00448098 0.0034313
2 0.00443063 0.012576 0.00106714 0.0100032 0.00448022 0.965921 0.00152136
4 0.00491422 0.00154295 0.00683751 0.000727571 0.98032 0.000844383 0.00481336
2 0.00561654 0.0190145 0.00243858 0.045862 0.0120452 0.909031 0.00599211
7 0.00250224 0.964564 0.00216246 0.00701607 0.00728093 0.0143043 0.00217019
1 0.0105986 0.000332509 0.984423 0.000536094 0.00292861 0.000292879 0.000887903
2 0.000743829 0.00647618 0.000482155 0.0589072 0.000579823 0.931952 0.000858421
6 0.00091004 0.00281693 0.00072038 0.920586 0.0114009 0.0613208 0.0022452
1 0.00925668 0.00032716 0.965968 0.00153223 0.00635476 0.000653197 0.0159082
4 0.000203172 0.00838017 0.000257991 0.0179411 0.961637 0.0103623 0.00121826
2 0.00137722 0.0127423 0.000870484 0.0806268 0.000546456 0.902733 0.00110348
1 0.0492209 0.000630138 0.930859 0.00410088 0.00521881 0.00233612 0.00763444
5 0.930042 0.00471461 0.0626506 0.000835152 0.00118891 0.000398514 0.000170545
2 0.00122279 0.0212546 0.000579699 0.0628975 0.00199222 0.911306 0.000747537
1 0.0485623 0.00070176 0.94774 0.000523165 0.00195192 0.000311923 0.000209196
4 0.00307055 0.0113841 0.00402615 0.00425155 0.963784 0.00306322 0.0104202
4 0.000441664 0.0103818 0.000616366 0.0129154 0.963768 0.0110479 0.000828688
2 0.00393545 0.00757209 0.00356983 0.0871554 0.00607883 0.890412 0.0012761
7 0.000751813 0.971301 0.00136127 0.0167159 0.00199782 0.00749561 0.000376429
1 0.0483897 0.00107495 0.937544 0.000407449 0.00984763 0.00106572 0.00167065
3 0.00710646 0.0136393 0.00412959 0.00121747 0.0100614 0.00470362 0.959142
5 0.918764 0.00408986 0.0625163 0.00135851 0.0111934 0.00164061 0.000437039
2 0.000371278 0.00403857 0.000297273 0.0206215 0.000389175 0.973802 0.000480099
7 0.000638705 0.982582 0.00111733 0.00326688 0.00239911 0.00923923 0.00075658
6 0.00274727 0.00867918 0.00332281 0.90549 0.00692521 0.066521 0.00631496
1 0.00501149 0.000102889 0.98369 0.000641362 0.000280274 0.0010278 0.00924653
4 0.0247158 0.0146875 0.00224584 0.00141205 0.946422 0.00989988 0.000616965
5 0.880382 0.0305206 0.0347477 0.00568093 0.0285694 0.00966164 0.0104373
7 0.000554964 0.959715 0.000459082 0.0217095 0.0018455 0.015297 0.000419024
1 0.0485277 0.000430093 0.945366 0.000839656 0.00191829 0.00169152 0.00122633
4 0.0173056 0.0134389 0.00945444 0.00559697 0.935591 0.00787687 0.0107357
5 0.909879 0.0028847 0.0619617 0.00233388 0.0139452 0.00212981 0.00686603
5 0.909936 0.00185144 0.0604098 0.00129557 0.0225916 0.00118101 0.00273438
2 0.00109388 0.0105029 0.00418523 0.086539 0.00600831 0.886115 0.0055554
7 0.00580453 0.945081 0.00865322 0.0179687 0.00756751 0.009768 0.00515661
6 0.000785086 0.00124325 0.00127618 0.946637 0.000347619 0.0443129 0.00539785
1 0.0204161 0.00854971 0.921871 0.00457433 0.0214878 0.00451457 0.0185861
4 0.0300593 0.0025079 0.0053069 0.000375164 0.959786 0.000812472 0.00115182
2 0.000727909 0.00450099 0.00042705 0.0872864 0.000567655 0.90521 0.00128034
6 0.00224838 0.0250197 0.00239015 0.908027 0.00944973 0.0457019 0.00716284
1 0.0484332 0.00029202 0.946931 0.000669793 0.00305164 0.000535452 8.70722e-05
4 0.0059338 0.0115716 0.00405664 0.00395908 0.958202 0.00956884 0.00670777
3 0.00121085 0.00650945 0.00195138 0.0148154 0.0191355 0.00388926 0.952488
5 0.878018 0.00745923 0.0626731 0.00525581 0.0334325 0.00388376 0.00927765
2 0.00304117 0.00664648 0.00310548 0.0854403 0.00404394 0.881015 0.0167073
7 0.00406989 0.97693 0.00631817 0.00222697 0.00705836 0.00192816 0.00146805
1 0.0485725 0.000487796 0.940327 0.000694232 0.00799441 0.000838818 0.00108506
4 0.0174435 0.0132353 0.00877566 0.00496652 0.942617 0.00771085 0.00525101
5 0.897052 0.0073703 0.038648 0.0049567 0.0431714 0.0035061 0.00529517
7 0.00125897 0.99491 0.0025044 0.000269951 0.000294589 0.000693257 6.85937e-05
6 0.00318923 0.0115834 0.00320968 0.907578 0.00270548 0.0666166 0.00511786
1 0.0484491 0.00534721 0.933693 0.000588883 0.00958414 0.00099722 0.00134091
5 0.893194 0.0102687 0.0624261 0.00401457 0.0192403 0.00352082 0.00733578
2 0.000664754 0.021063 0.00354941 0.0803832 0.00533448 0.88157 0.00743487
7 0.00231829 0.954426 0.00431767 0.0147361 0.00662346 0.0153269 0.00225161
6 0.000179698 0.000459991 0.000438694 0.937498 0.000266226 0.0502141 0.0109434
1 0.0315418 0.00786274 0.918897 0.00282772 0.025049 0.00380091 0.0100207
1 0.0385451 0.00469628 0.921489 0.0042445 0.00569568 0.0034992 0.0218298
4 0.0097219 0.0125959 0.00392431 0.00723735 0.944387 0.0106265 0.0115067
5 0.881079 0.0245631 0.0513974 0.00537001 0.0259218 0.00506729 0.00660137
2 0.00103105 0.00963416 0.000804697 0.0866609 0.00224968 0.890585 0.00903486
7 0.00043047 0.99414 0.000394186 0.0013926 0.000955549 0.00241117 0.000275981
6 0.000470533 0.000777662 0.00046242 0.951208 0.00161157 0.0339344 0.011535
1 0.0492287 0.00498106 0.926365 0.00320264 0.00576914 0.00434079 0.00611278
4 0.000309118 0.00324764 0.000303696 0.0173684 0.961616 0.00784071 0.00931489
4 0.000527301 0.00647129 0.000453619 0.0179195 0.958125 0.00712527 0.00937847
2 0.000173912 0.00851778 0.000335113 0.0872014 0.00385427 0.897615 0.0023025
7 3.69588e-06 0.997854 4.53866e-05 0.00106018 0.000259115 0.000622659 0.000155039
6 0.00026649 0.000590666 0.000167527 0.956517 0.00114773 0.0352795 0.00603078
1 0.0263677 0.00149584 0.964105 0.00134657 0.00471168 0.00133888 0.000634371
5 0.89364 0.025473 0.0595178 0.00159843 0.01415 0.00445374 0.00116673
2 0.00108322 0.0119507 0.000785736 0.00112626 0.00203101 0.980811 0.00221183
7 0.0170371 0.953255 0.00760498 0.00198434 0.00666321 0.006842 0.00661364
1 0.0495145 0.00145982 0.929443 0.000514519 0.0134135 0.00228865 0.00336606
4 0.00195567 0.00884494 0.00294964 9.74861e-05 0.985846 0.000242203 6.38396e-05
3 0.00353378 0.00998691 0.00493907 0.00959725 0.00299224 0.0126965 0.956254
7 0.0107563 0.961294 0.00759153 0.000912855 0.00853222 0.00602328 0.00488974
1 0.0257062 0.00568417 0.940468 0.00111526 0.0216813 0.00396507 0.00137967
1 0.0486227 0.00568276 0.943973 0.0002218 0.00067815 0.000647678 0.000174202
1 0.00496496 0.000230769 0.989875 7.9627e-05 0.00463577 0.000122626 9.13476e-05
4 0.00461097 0.00655266 0.00405131 0.00540647 0.961051 0.00638017 0.0119471
2 0.0074004 0.013465 0.00583898 0.00842077 0.00932881 0.946013 0.00953274
7 0.00520023 0.956641 0.00649479 0.0011197 0.00641479 0.0157722 0.00835734
6 0.00410949 0.00412776 0.0035001 0.913343 0.00692616 0.0455856 0.0224082
1 0.00638165 0.000281097 0.991458 0.000194932 0.00081974 0.000795206 6.97765e-05
4 0.00757093 0.0079664 0.00809712 0.00116119 0.973576 0.0013235 0.000304996
2 0.00908195 0.0140494 0.00928848 0.00655985 0.00696294 0.937478 0.016579
1 0.0247484 0.0217337 0.92736 0.00283335 0.01451 0.00593625 0.00287863
6 0.00476291 0.00617752 0.0033727 0.911769 0.0095455 0.0490263 0.0153459
1 0.0155968 0.000536681 0.981319 0.000114558 0.00126288 0.00108135 8.85759e-05
4 0.00122607 0.000891826 0.000162596 0.000528649 0.994487 0.000178001 0.00252603
3 0.00525234 0.00358951 0.007805 0.013098 0.00625287 0.00338908 0.960613
5 0.922905 0.0176432 0.0491695 0.00123551 0.00240401 0.00447954 0.00216342
7 0.0232472 0.954626 0.013669 0.000255335 0.00289135 0.00134572 0.00396584
1 0.0476394 0.00807103 0.921252 0.000827094 0.0197336 0.00179149 0.000685064
1 0.0486791 0.000385288 0.949858 0.000130338 0.00073341 0.000173869 3.96462e-05
1 0.049548 0.00246273 0.930044 0.0011629 0.0151742 0.000825277 0.000782475
2 0.010919 0.0146423 0.00855449 0.000934574 0.00304032 0.94589 0.0160198
6 0.00392554 0.00198745 0.0033664 0.971109 0.00236106 0.0109692 0.00628143
4 0.0345351 0.00644609 0.00393551 0.00178763 0.946693 0.00142396 0.00517866
6 0.00461983 0.00119744 0.00305111 0.972548 0.000826995 0.00597553 0.0117813
1 0.036942 0.00710663 0.927591 0.000605701 0.023346 0.00257448 0.00183418
4 0.033575 0.00144996 0.00784192 7.20984e-05 0.956089 0.000135381 0.00083665
2 0.0103562 0.0175425 0.00843318 0.0240169 0.00512679 0.920189 0.0143359
1 0.048555 0.000341122 0.939329 0.000454805 0.00341457 0.00234112 0.00556396
4 0.0271124 0.000881375 0.0112877 0.000302768 0.959065 0.000248693 0.00110252
3 0.00920668 0.00811978 0.00653688 0.00162335 0.0184816 0.00230378 0.953728
3 0.0132611 0.00759188 0.00755538 0.00822164 0.0147535 0.00519231 0.943424
5 0.99149 9.28247e-05 0.00799708 0.000207499 0.000110631 5.09027e-05 5.14782e-05
2 0.000910319 0.00999755 0.000975514 0.0307161 0.0116242 0.933155 0.0126217
7 0.00717887 0.960715 0.00944568 0.000833442 0.00947192 0.00562365 0.00673124
1 0.0495148 0.000659045 0.924861 0.00158409 0.0155508 0.00266912 0.00516065
4 0.0153768 0.0115695 0.00247522 0.00682272 0.949252 0.00782461 0.00667938
3 0.0125212 0.000974419 0.000975401 0.00190648 0.00273134 0.00482041 0.976071
5 0.897266 0.00427031 0.0622402 0.00213079 0.0153789 0.00424337 0.0144707
2 0.00282157 0.0103141 0.00281186 0.0533842 0.00582575 0.913904 0.0109387
7 0.0118674 0.942331 0.0129328 0.00206959 0.00173482 0.0171637 0.0119004
6 0.00303909 0.00489532 0.0018508 0.900488 0.0228544 0.0595094 0.00736326
1 0.0127396 0.00270473 0.971858 0.00144907 0.00187426 0.00299183 0.00638269
4 0.00711932 0.00176921 0.00119541 0.000259828 0.989024 0.000335408 0.000296801
5 0.934966 0.000356048 0.0629036 0.000216203 0.00131031 0.000155471 9.28939e-05
2 0.0080899 0.0123893 0.00389118 0.0268595 0.0167507 0.918415 0.0136046
6 0.000913022 0.000323941 0.000401838 0.992712 0.0010996 0.00428726 0.000262033
1 0.0300893 0.000425554 0.957867 0.000309751 0.0104275 0.000243646 0.000637617
4 0.00891635 0.00806553 0.00426324 0.0100654 0.944284 0.0042091 0.0201963
3 0.000900225 0.000242788 0.000699541 0.0144537 0.00308252 0.000815651 0.979806
2 0.00520849 0.0243278 0.0025943 0.068319 0.0114481 0.880518 0.00758405
7 0.00727005 0.93675 0.00660151 0.0148588 0.00988353 0.0123822 0.0122536
6 0.00209408 0.00264545 0.00411114 0.963783 0.0172143 0.00251668 0.00763519
1 0.021749 0.0165543 0.937791 0.00182904 0.0108763 0.00385245 0.00734778
1 0.0486344 9.21933e-05 0.948976 0.000222985 0.00165068 0.000134455 0.000288895
5 0.938654 0.000886873 0.0194898 0.00066347 0.0397614 0.000322077 0.000222287
2 0.00338393 0.00479543 0.00172615 0.0791534 0.00906893 0.879152 0.0227199
7 0.00343108 0.946429 0.0014383 0.0178108 0.00834043 0.0175299 0.00502071
6 0.00517231 0.0148173 0.00372748 0.878847 0.022369 0.0580048 0.0170619
1 0.0488747 0.000866383 0.925983 0.00121788 0.0152571 0.00206235 0.00573843
4 0.031007 0.00202166 0.0118298 0.000418794 0.942196 0.000472635 0.0120537
3 0.00682469 0.000723798 0.00759931 0.0104018 0.0179524 0.000885186 0.955613
5 0.965895 0.00147266 0.0185642 0.00139709 0.0110585 0.00102634 0.000586617
2 0.0164472 0.0186573 0.00591517 0.0257231 0.0108151 0.915013 0.00742883
7 0.00325474 0.949464 0.00415349 0.0130982 0.00949257 0.0160144 0.00452276
1 0.0487994 0.00125022 0.93944 0.000391564 0.00813193 0.000365221 0.00162174
5 0.879309 0.00710256 0.0633248 0.0041962 0.0298695 0.00516617 0.0110319
2 0.00851881 0.0197049 0.00686375 0.0732392 0.0107164 0.868318 0.012639
7 0.0156247 0.940679 0.00840952 0.00417826 0.00775355 0.0083589 0.0149956
1 0.0415294 0.00207889 0.943534 0.000733983 0.0105872 0.00108463 0.000451481
4 0.0206092 0.00227003 0.00332252 0.00551378 0.945196 0.00183106 0.021257
3 0.00342895 0.00474195 0.00105344 0.0196036 0.00613074 0.00763677 0.957405
5 0.934232 5.70585e-05 0.062929 0.000451697 0.0014866 0.000105033 0.000738374
2 0.00241812 0.0235515 0.00190293 0.0752907 0.000962045 0.891505 0.00436942
7 0.00705602 0.940639 0.008656 0.0100509 0.00414552 0.0172757 0.0121765
6 0.000488169 6.33449e-05 0.000647903 0.995436 0.000336938 0.00171395 0.00131389
1 0.0486204 0.000483883 0.929308 0.00231356 0.0102643 0.00263919 0.00637065
4 0.0172958 0.0106424 0.00403866 0.0196936 0.922809 0.00682997 0.0186905
3 0.0148592 0.0148184 0.00467246 0.00356135 0.00817628 0.00638533 0.947527
5 0.93596 0.000185343 0.0630337 0.000166904 0.000461462 0.000117263 7.54794e-05
5 0.877632 0.00980746 0.0513443 0.00473599 0.0221805 0.00799653 0.0263032
2 0.00422989 0.0177623 0.000919702 0.0349447 0.00248541 0.928708 0.01095
7 0.0112974 0.935781 0.00614137 0.0124252 0.00763376 0.0181018 0.00861957
1 0.0485462 0.000397206 0.938976 0.000789276 0.00999732 0.000600296 0.000693733
3 0.0186423 0.00140009 0.0053106 0.00140171 0.0126006 0.00138322 0.959261
5 0.930733 0.00151567 0.0258065 0.000740961 0.0404566 0.000457511 0.00028988
2 0.00174139 0.0134275 0.00068979 0.0352095 0.00134405 0.946123 0.00146489
7 0.00696481 0.970638 0.00377644 0.00263443 0.0017775 0.0102345 0.00397392
1 0.027513 0.000130916 0.962692 0.000657696 0.00814417 0.000324347 0.000538017
1 0.0484855 0.000101061 0.940746 0.00027534 0.00988712 0.000254727 0.000250312
4 0.00348139 0.00293343 0.000997251 0.0038094 0.964059 0.00526152 0.0194584
4 0.0273859 0.00389779 0.011181 0.000436802 0.952835 0.0025708 0.00169231
3 0.00134955 0.00132911 0.00100344 0.0154479 0.00767323 0.0114172 0.96178
7 0.000862972 0.95722 0.000542725 0.0106222 0.00445243 0.0155573 0.010742
1 0.0492522 0.0164009 0.913621 0.00288213 0.00855345 0.00441183 0.00487857
1 0.0460982 0.00841628 0.911018 0.00219529 0.0226619 0.00403973 0.00557109
4 0.0179974 0.00856989 0.00603465 0.00031837 0.959305 0.00570542 0.00206906
3 0.0094837 0.0103583 0.00447679 0.00316003 0.0168387 0.0113894 0.944293
5 0.908373 0.00935116 0.0615064 0.00207857 0.00453066 0.00651079 0.0076492
2 0.00148468 0.0120599 0.000801446 0.00244211 0.0033072 0.97796 0.00194463
7 0.0109781 0.95634 0.00353867 0.00531909 0.00935507 0.00698591 0.00748315
6 0.0048427 0.00746947 0.00362267 0.9221 0.0036366 0.0374322 0.0208967
1 0.0486368 0.00231111 0.943068 0.00169817 0.000759071 0.002541 0.000986216
1 0.0273132 0.000242022 0.969898 0.000549644 0.000971615 0.000563884 0.000461569
4 0.00138456 0.000135288 0.000188202 7.88696e-05 0.997953 0.000170999 8.92223e-05
3 0.0119342 0.00696227 0.00544079 0.0018175 0.0187957 0.00196993 0.95308
2 0.00161328 0.0125514 0.000663052 0.00845344 0.00124957 0.973738 0.00173132
6 0.00551681 0.0256583 0.00363699 0.89819 0.0179594 0.0442019 0.00483619
6 0.00166125 0.000234359 0.000557314 0.993389 0.000421739 0.0033391 0.000397336
1 0.0487163 0.000339281 0.944205 0.000278155 0.00616642 0.000224788 7.00498e-05
1 0.0489703 0.000349055 0.936667 0.00113393 0.0111453 0.00134129 0.000393073
4 0.00566406 0.00308722 0.00257203 0.000554114 0.981212 0.000728281 0.00618213
4 0.0330439 0.00301252 0.00489573 0.00315644 0.93951 0.00408169 0.0122993
5 0.92175 0.00275941 0.0625123 0.000947736 0.0104423 0.00111805 0.000469959
5 0.899474 0.0119836 0.0623369 0.00196903 0.0157433 0.00328332 0.00520943
2 0.0029313 0.0241718 0.00423786 0.0602519 0.00403045 0.898165 0.00621115
7 0.00275596 0.939313 0.00275682 0.0207464 0.00931594 0.0179779 0.00713416
6 0.00368882 0.00846318 0.00332673 0.892514 0.0233713 0.0520442 0.0165916
6 0.00261852 0.00554365 0.00219941 0.944591 0.00970852 0.0182404 0.0170986
1 0.0241582 0.000239634 0.97326 0.000574448 0.00152629 0.000161395 7.95561e-05
1 0.0486024 0.000450986 0.94821 0.000629862 0.0011724 0.000377587 0.000556308
4 0.0107043 0.00446523 0.00104253 0.0110263 0.932534 0.0207826 0.0194455
3 0.00234931 0.00438305 0.00119084 0.0143913 0.00140659 0.0119711 0.964308
5 0.908292 0.00932911 0.0624038 0.00355255 0.0126612 0.00266264 0.00109919
2 0.00152564 0.00775786 0.000907919 0.0356886 0.000473866 0.940944 0.0127021
2 0.000259538 0.011966 0.000240985 0.00388392 0.000439403 0.98125 0.00196029
7 0.000933535 0.952681 0.000449151 0.0187311 0.00425809 0.0156322 0.00731534
6 0.000944072 0.000443473 0.00106442 0.945146 0.00577844 0.0299491 0.016674
1 0.0488102 0.00165177 0.9285 0.000917152 0.0154636 0.00327374 0.0013835
4 0.0348773 0.00123444 0.00247867 0.00150157 0.951198 0.00735324 0.00135694
3 0.00148717 0.00692063 0.00137596 0.0197491 0.00914649 0.0121631 0.949158
5 0.88957 0.0161578 0.0633089 0.0031313 0.0179959 0.0040691 0.00576703
5 0.995145 0.000314902 0.00215274 0.0012003 0.000230372 0.000821342 0.000135341
7 0.00715653 0.937192 0.00517929 0.0203221 0.00406652 0.0176791 0.00840439
1 0.0484932 0.000180305 0.946035 0.000819899 0.00264814 0.00115445 0.000668663
4 0.0299138 0.00013177 0.0109804 0.000557859 0.954057 0.000349483 0.00400964
5 0.913312 0.00047123 0.0631548 0.000854871 0.0215675 0.00039485 0.000245035
7 0.0129749 0.957646 0.00269361 0.00800514 0.00103627 0.0158623 0.00178139
6 0.0011422 7.25513e-05 0.000585501 0.980605 0.00271161 0.00681757 0.00806578
1 0.0487099 0.0016906 0.924527 0.00324918 0.0171493 0.00378712 0.000887021
1 0.0265383 0.0226228 0.924177 0.00208998 0.0203958 0.00350356 0.000672769
4 0.0143172 0.0032211 0.0045271 0.00332117 0.949075 0.0057659 0.019773
3 0.0088372 0.00594074 0.00765133 0.00495581 0.0115498 0.0135995 0.947466
2 0.000391566 0.00207084 0.000175662 0.0100312 0.000156156 0.986345 0.000829153
6 0.00174185 0.000709909 0.00438501 0.971226 0.0018109 0.00573002 0.0143963
1 0.0483216 0.000316642 0.946441 0.000911543 0.00268196 0.000506405 0.000820422
4 0.0203232 0.00699745 0.00197853 0.000658221 0.960919 0.00735738 0.00176671
3 0.00134805 0.0010195 0.000553078 0.0200417 0.000835554 0.00640568 0.969796
5 0.897828 0.0117433 0.0621797 0.00172727 0.0182748 0.00205526 0.00619213
2 0.00611425 0.00223436 0.00137995 0.00464002 0.00178749 0.979871 0.00397331
6 0.00526321 0.00156846 0.00257053 0.952963 0.00415432 0.0168631 0.016617
1 0.0493323 0.00142746 0.930684 0.00183094 0.00128671 0.00492696 0.0105118
1 0.0486322 0.000146975 0.949569 0.000308916 0.000851235 0.000371535 0.000119691
4 0.00252351 0.00244685 0.000782126 0.00201818 0.982592 0.00738113 0.00225661
3 0.00260257 0.00772596 0.00522354 0.0153614 0.0184188 0.0055883 0.945079
2 0.0102993 0.012631 0.00356302 0.00223933 0.00776129 0.960259 0.00324739
7 0.00315718 0.975971 0.000375424 0.00425698 0.00129102 0.014068 0.000880911
6 0.00156109 0.00481877 0.000633843 0.912987 0.00370065 0.0621957 0.0141028
1 0.0488734 0.00699825 0.935789 0.00128363 0.00218919 0.0033957 0.00147115
3 0.00172526 0.0110993 0.00804418 0.011894 0.0100692 0.00726712 0.949901
5 0.896152 0.0136355 0.0626207 0.00163406 0.0186102 0.00114799 0.00619948
2 0.000895599 0.0145012 0.000731394 0.085392 0.00688464 0.890937 0.000658021
7 0.000387638 0.972055 0.00151677 0.0118747 0.00527749 0.00676594 0.00212299
1 0.000812265 0.000917697 0.992337 0.000847239 0.0011065 0.00060107 0.00337847
4 0.0344742 0.00705447 0.007449 0.00203368 0.934889 0.00667162 0.00742762
3 0.00397308 0.0103205 0.00408227 0.0215304 0.0100013 0.00771923 0.942373
2 0.000988033 0.0197959 0.000754624 0.0697125 0.0066534 0.900303 0.00179283
7 0.000546507 0.968135 0.000539811 0.00897688 0.00650379 0.0100231 0.0052745
6 0.000944266 0.00604927 0.000881056 0.91885 0.00274406 0.0663993 0.00413185
1 0.00499611 0.000437435 0.992861 0.000371652 0.000284005 0.000394599 0.00065567
1 0.0349006 0.00688542 0.919364 0.00165787 0.0253262 0.00347595 0.00838995
4 0.0331028 0.00551221 0.0074459 0.00288466 0.93769 0.00343334 0.00993155
4 0.0344142 0.00412869 0.00526 0.000321648 0.954094 0.000478644 0.0013024
5 0.883238 0.00601792 0.0378414 0.00509332 0.041246 0.00540766 0.0211554
7 0.000951542 0.951936 0.00121663 0.02652 0.00907129 0.00924317 0.00106166
1 0.00311909 0.000533623 0.98101 0.000983278 0.00528938 0.00125019 0.00781454
1 0.00666863 0.00129176 0.968082 0.00205568 0.00894112 0.00368148 0.00927967
3 0.00165074 0.00272433 0.0118887 0.0103124 0.0187284 0.00208357 0.952612
5 0.938517 0.00237418 0.0120853 0.00109003 0.039318 0.000798321 0.00581675
2 0.00190414 0.0130713 0.00338363 0.0860334 0.0045098 0.888916 0.0021816
7 0.00135261 0.950431 0.00271648 0.0248121 0.00228323 0.0170296 0.00137462
1 0.0105756 0.00083191 0.966032 0.000952506 0.0178512 0.000466957 0.00328962
4 0.0231897 0.00938119 0.0061985 0.000823182 0.950008 0.00428292 0.0061161
3 0.00527295 0.00889484 0.00346644 0.0141802 0.0197899 0.00466847 0.943727
5 0.907791 0.00160355 0.0610501 0.000415239 0.0207351 0.000518401 0.00788616
5 0.926505 0.00463177 0.0203747 0.00240271 0.0402473 0.00166748 0.00417098
2 0.00190857 0.0237716 0.000671575 0.0594594 0.0049897 0.90688 0.00231944
7 0.000722199 0.970922 0.00223933 0.013303 0.00703874 0.00415564 0.00161883
3 0.00116729 0.00100588 0.0129063 0.008313 0.017408 0.00122993 0.95797
2 0.000240039 0.00876627 0.000229333 0.087382 0.00553789 0.897495 0.000349493
7 0.00749239 0.96772 0.00654018 0.00347312 0.00740944 0.00352166 0.00384308
1 0.0490477 0.0082097 0.907766 0.00370333 0.016906 0.0037151 0.0106522
4 0.0177464 0.00612693 0.0081247 0.000516342 0.959238 0.00108145 0.00716645
2 0.00105311 0.00402178 0.000867954 0.0873782 0.00483969 0.89944 0.00239911
7 0.000557752 0.99093 0.000569155 0.00452538 0.00127846 0.00166173 0.000477234
6 0.00382103 0.00954588 0.00325979 0.892968 0.0119565 0.0606122 0.0178367
1 0.0279962 0.00794565 0.955566 0.00118612 0.00507467 0.0012768 0.000954553
1 0.0485074 0.00147361 0.943815 0.000755916 0.00340794 0.00125576 0.000784746
4 0.00110314 0.00167219 0.00165124 0.010015 0.971718 0.00100773 0.0128328
2 0.00121354 0.00458988 0.00247798 0.0872381 0.00463545 0.898028 0.00181685
7 0.00193714 0.964121 0.0020124 0.0199769 0.00462497 0.00576541 0.00156257
6 0.00145271 0.000336464 0.00188297 0.980487 0.00306651 0.000957578 0.0118164
1 0.0128876 0.000501798 0.961275 0.00096892 0.0208252 0.000746794 0.00279485
1 0.00126968 0.00238898 0.988569 0.000670083 0.00182208 0.00218281 0.00309748
4 0.0336605 0.0102807 0.00593502 0.00311568 0.936941 0.00156474 0.00850288
5 0.871185 0.0103991 0.0489684 0.00521338 0.0435076 0.00723423 0.0134921
2 0.00107466 0.0150705 0.00103983 0.0805163 0.00537728 0.894043 0.00287861
7 0.00572625 0.925059 0.00212266 0.0392879 0.00815365 0.0159613 0.00368977
6 0.00321683 0.00890915 0.00307194 0.896521 0.00894762 0.0656412 0.0136923
1 0.0372002 0.00350251 0.915157 0.00375359 0.0258006 0.00235181 0.0122344
4 0.0323349 0.0113498 0.00967392 0.00285766 0.933393 0.00550185 0.00488909
2 0.000371015 0.0135617 0.00020569 0.0861481 0.00493728 0.893964 0.000812689
7 0.000405791 0.949223 0.000224918 0.027185 0.00308797 0.0179184 0.00195531
7 0.000463356 0.9772 0.000115591 0.00771814 0.00554393 0.00777781 0.00118123
1 0.0492025 0.00145405 0.926448 0.00139713 0.0112709 0.00225486 0.00797269
3 0.0143261 0.00422926 0.00878066 0.000644885 0.0154546 0.00128213 0.955282
5 0.923397 0.000155748 0.0626514 0.000757566 0.0108228 0.000294713 0.00192079
2 0.00531614 0.012293 0.00633697 0.00108411 0.00478633 0.967046 0.00313739
7 0.0126478 0.948798 0.0215843 0.000479351 0.00838419 0.00171198 0.00639473
6 0.00366474 0.00142847 0.00341901 0.939133 0.0126118 0.021243 0.0184999
1 0.00108739 6.67393e-05 0.998403 0.000167531 1.50988e-05 0.000100435 0.000160051
3 0.0178698 0.000548896 0.00811862 0.00264386 0.0036239 0.00275923 0.964436
3 0.0185023 0.00249744 0.0111984 0.00344174 0.00761011 0.00992981 0.94682
2 0.00846417 0.00254589 0.00455153 0.00498287 0.00841876 0.953703 0.0173337
7 0.0138081 0.9475 0.00969061 0.000995049 0.00265141 0.0167141 0.00864075
6 0.00409156 0.000529042 0.0038607 0.945565 0.00514684 0.0266519 0.0141551
1 0.0486197 0.000474084 0.948207 0.000529635 0.000646022 0.00126904 0.000254193
4 0.0322967 9.89891e-05 0.00565499 6.18987e-05 0.961594 6.34948e-05 0.000229537
3 0.00899416 0.0127116 0.014188 0.00623892 0.00447338 0.00881708 0.944577
5 0.934387 0.000216226 0.0628564 0.000904677 0.000841535 0.000685248 0.000109031
2 0.00657821 0.00976328 0.00351439 0.0135482 0.00959908 0.941868 0.0151293
2 0.000729004 0.00259281 0.000600639 0.0406841 0.000401351 0.954273 0.000719127
7 0.0113921 0.938154 0.0160169 0.00544126 0.0105436 0.0138548 0.00459765
6 0.00323086 0.000253775 0.00346037 0.969941 0.00441684 0.00910952 0.00958732
1 0.0485088 2.2457e-05 0.947707 0.000280937 0.00325923 0.000128493 9.31183e-05
1 0.0486041 0.000212793 0.949827 0.000249051 0.0004589 0.00058113 6.74915e-05
4 0.0185454 0.000734061 0.00788352 0.000185505 0.970896 0.000385057 0.0013702
3 0.000800408 0.000620509 0.00068161 0.00398946 0.000967398 0.000962788 0.991978
5 0.90308 0.000510158 0.0629921 0.00292915 0.0215047 0.00124639 0.00773783
2 0.00772514 0.0221801 0.0064113 0.0365655 0.00644464 0.905038 0.0156354
6 8.5916e-05 3.08077e-06 0.000509143 0.998967 0.000112882 0.000115916 0.000205813
1 0.0255801 2.41516e-05 0.968956 0.000148645 0.00492805 5.97293e-05 0.000303206
1 0.0205146 5.49084e-05 0.954702 0.000498997 0.0213671 0.000350345 0.00251179
3 0.00548542 0.00756355 0.00384609 0.0064945 0.00716993 0.0115173 0.957923
5 0.911375 0.0015901 0.0625734 0.0039837 0.0120366 0.00648683 0.00195428
5 0.982351 0.000275464 0.0152932 0.00140215 0.000252481 0.000238079 0.000187573
2 0.00732856 0.00968636 0.00663462 0.0281064 0.0232136 0.910393 0.0146373
2 0.000694525 0.00850771 0.000462165 0.0639761 0.00168037 0.920502 0.00417748
7 0.00215736 0.965359 0.00532959 0.00220309 0.00463287 0.0149257 0.00539241
6 0.000225257 9.13169e-05 0.000302778 0.954772 0.00245968 0.0357491 0.00639958
1 0.0496783 6.29155e-05 0.935076 0.00045694 0.014401 0.0001827 0.00014172
4 0.0175293 0.000283542 0.00714932 0.000333556 0.966939 0.000243373 0.00752212
3 0.0139352 0.00234845 0.0128291 0.00590594 0.0140302 0.00901711 0.941934
5 0.977173 0.000498605 0.00184665 0.00500618 0.00684702 0.00267536 0.00595354
2 0.00116224 0.00840224 0.00161525 0.0386245 0.00333637 0.929011 0.0178483
2 0.0068852 0.0210885 0.00401633 0.0378994 0.0103767 0.895365 0.0243693
6 0.000250137 3.43267e-05 0.000452586 0.989664 0.00213255 0.0033521 0.00411409
1 0.0354068 0.00917191 0.913644 0.00234586 0.0256646 0.00684973 0.00691719
1 0.011839 0.000273675 0.983555 0.000376812 0.00283689 0.000893031 0.000225391
4 0.0179972 0.000205424 0.00744759 0.000318877 0.972955 0.000310396 0.000765342
3 0.00989791 0.0124609 0.00923921 0.00215693 0.00611723 0.0101207 0.950007
5 0.904276 0.000435651 0.0633741 0.000992491 0.0297319 0.000788557 0.000401275
2 0.00786723 0.00749054 0.0045121 0.0158811 0.00346938 0.942332 0.0184475
1 0.0487041 7.12583e-05 0.950185 0.000119604 0.000868434 3.56748e-05 1.56579e-05
4 0.0181183 0.00274951 0.00794404 0.00104947 0.960658 0.0049043 0.0045767
3 0.00226538 0.0077808 0.00844217 0.0113463 0.00282137 0.0121136 0.95523
5 0.933038 0.000168402 0.0628015 0.000894555 0.000916112 0.000372804 0.001809
5 0.907304 0.00101172 0.0624944 0.00141866 0.0193251 0.00131859 0.00712776
2 0.00125607 0.00856207 0.0017483 0.0112921 0.00513963 0.955793 0.0162084
7 0.00665996 0.933816 0.00970963 0.012031 0.00530866 0.0167302 0.0157443
6 0.00328361 0.000442902 0.00406754 0.967162 0.00496473 0.00541209 0.0146676
1 0.047376 0.000186894 0.943873 0.000885128 0.00612097 0.000991607 0.000566428
4 0.0319992 0.000207694 0.0097361 0.000123425 0.957311 0.000367084 0.00025506
3 0.00301491 0.000324104 0.0011626 0.00689682 0.000226643 0.0041998 0.984175
5 0.906937 0.00065819 0.0624479 0.00194103 0.0191945 0.00100685 0.00781448
2 0.00832967 0.0159503 0.00748471 0.0110588 0.0129563 0.934487 0.00973302
2 0.00923024 0.00868438 0.00434814 0.0271412 0.00846737 0.924697 0.0174314
1 0.0468999 7.00594e-05 0.946513 0.000524452 0.00531967 0.000450349 0.000222587
4 0.0129897 0.000256376 0.00806125 0.000310059 0.967713 0.000435185 0.0102344
3 0.0078434 0.00708795 0.0116048 0.0016541 0.013283 0.00424974 0.954277
5 0.926189 0.000101546 0.0626027 0.00250581 0.00569674 0.000345025 0.00255933
2 0.00127447 0.00232797 0.000865844 0.0190246 0.000386725 0.95937 0.0167508
6 0.0050074 0.00492364 0.00363235 0.917623 0.0106002 0.0379786 0.0202345
6 0.00136719 0.000434677 0.000643204 0.932711 0.00408507 0.0492881 0.0114703
1 0.0488447 0.000321364 0.941446 0.000486548 0.00796348 0.000747225 0.000191031
1 0.0103998 6.55731e-05 0.975653 0.000219377 0.0130954 0.00026079 0.000306291
