labels 5 7 1 6 4 2 3
5 0.881793 0.0148599 0.0362487 0.00311612 0.0512208 0.00433251 0.00842922
7 0.00646409 0.96528 0.00259801 0.00529863 0.00728142 0.0102262 0.0028512
1 0.0405656 0.00346131 0.944158 0.000708172 0.00736389 0.000416775 0.00332593
5 0.873317 0.00906244 0.0430604 0.00224396 0.0475043 0.0115457 0.0132659
7 0.0017141 0.970577 0.00130146 0.00352999 0.00155563 0.0192735 0.00204781
6 0.00259139 0.0103485 0.00266469 0.958031 0.00723475 0.0180878 0.00104163
1 0.044746 0.00534294 0.912607 0.00239548 0.0180388 0.00301479 0.013855
1 0.0124229 0.00249893 0.965132 0.000865092 0.0112805 0.00145858 0.00634192
4 0.0466959 0.00396775 0.00815922 0.000539059 0.937761 0.00203945 0.000837424
5 0.913852 0.0153641 0.010099 0.000939392 0.0475685 0.00324885 0.0089283
2 0.00340582 0.0130095 0.00195209 0.0136185 0.00630416 0.959264 0.00244568
7 0.0043487 0.98533 0.00114806 0.00136045 0.00191773 0.00539636 0.000498819
6 0.00282868 0.00974448 0.00269769 0.959189 0.00674583 0.0177746 0.00101984
1 0.006964 0.00851197 0.975037 0.00216837 0.00121425 0.00479489 0.00131
4 0.0432884 0.00252775 0.00863652 0.00271042 0.927183 0.00309328 0.0125607
5 0.895307 0.0192294 0.0256064 0.00294171 0.0465364 0.00426594 0.00611341
7 0.00541216 0.939649 0.00407622 0.00940829 0.00815505 0.0196248 0.0136749
6 0.00263683 0.01324 0.00280036 0.944713 0.0077794 0.0196896 0.00914067
1 0.0184809 0.00523244 0.956075 0.00245987 0.0129598 0.0019114 0.00288043
1 0.006118 0.00168956 0.990052 0.000454348 0.00114631 0.000303398 0.000236258
5 0.900232 0.0056103 0.0244119 0.00280941 0.0542524 0.00361404 0.00907038
5 0.895031 0.00505299 0.0218609 0.00248702 0.0533277 0.0081635 0.014077
2 0.000185338 0.0134938 0.000268107 0.0244719 0.00301096 0.957166 0.00140379
7 0.00127564 0.980023 0.00097918 0.00384241 0.00588532 0.00746137 0.000533336
1 0.0101963 0.000872387 0.987652 0.000322409 0.000573325 0.000350349 3.28286e-05
5 0.906504 0.00399158 0.0214088 0.00299985 0.0531141 0.00355078 0.00843121
2 0.000859046 0.00377383 0.000438376 0.0242874 0.00225584 0.95763 0.0107558
7 0.00446296 0.964916 0.00340052 0.00205328 0.00130432 0.0188787 0.00498416
6 0.00407759 0.00876321 0.00273982 0.944747 0.00769763 0.0193701 0.0126045
1 0.0536248 0.0104037 0.91861 0.00212788 0.00535774 0.00284542 0.00703048
1 0.0526979 0.0141302 0.918512 0.00207171 0.0056127 0.00266024 0.00431525
4 0.0377871 0.00531861 0.0116159 0.00110237 0.935756 0.00226954 0.00615036
2 0.00104342 0.0144786 0.00169485 0.0226364 0.0042307 0.951979 0.00393753
7 0.0031845 0.951672 0.00165324 0.0109153 0.00547458 0.0204744 0.00662583
6 0.000448606 0.000303062 0.000288955 0.989076 0.00323628 0.00299062 0.00365616
1 0.0430456 0.00899181 0.917596 0.00206475 0.0188234 0.00351202 0.00596604
7 0.00813079 0.958152 0.0051332 0.00576785 0.00743598 0.0119762 0.0034038
6 0.00338997 0.00813969 0.00305011 0.951402 0.00740168 0.0181836 0.00843303
1 0.00915245 0.00215292 0.98597 0.000604036 0.000815641 0.000662094 0.000642406
2 0.00307605 0.0143213 0.00139269 0.0153734 0.00334824 0.954438 0.00805072
7 0.00572522 0.954907 0.00395222 0.00521881 0.00603235 0.019862 0.00430284
6 0.00398251 0.00887841 0.00128115 0.95444 0.00502945 0.0178407 0.00854774
1 0.0515034 0.0112256 0.912817 0.00213278 0.0110962 0.00279941 0.00842584
4 0.0420157 0.00134289 0.0113277 0.00238396 0.931275 0.0022613 0.00939342
3 0.00618629 0.00259134 0.00109938 0.00573499 0.00537617 0.00551955 0.973492
7 0.00289122 0.954118 0.00220211 0.00593486 0.0044123 0.0200011 0.0104405
7 0.00646922 0.947696 0.00221219 0.00561504 0.0102877 0.0178844 0.00983544
1 0.0162992 0.00694852 0.959806 0.00132037 0.00847389 0.00283806 0.00431415
1 0.00908357 0.000330169 0.98861 0.000402712 0.000698089 0.000279162 0.000596013
4 0.0356207 0.00698065 0.0103211 0.00217312 0.935439 0.00261555 0.00684989
5 0.910396 0.00336114 0.014661 0.00571259 0.0376851 0.00272333 0.0254606
2 0.00527439 0.012084 0.00209538 0.0038159 0.00420637 0.966998 0.00552554
7 0.0088867 0.9622 0.00247273 0.0013923 0.00419271 0.017926 0.00292988
1 0.0422258 0.00337099 0.929918 0.000867817 0.0179388 0.00111602 0.00456259
1 0.0241679 0.000247017 0.964534 0.00125297 0.00896585 0.000290213 0.000542073
4 0.034323 0.000623958 0.0105301 0.000206762 0.952689 0.000483536 0.00114388
4 0.0448735 0.00131279 0.00967497 0.00147037 0.939706 0.00146943 0.00149323
5 0.917243 0.00964005 0.0174286 0.00216991 0.0334265 0.00497064 0.0151216
2 0.00551902 0.0123992 0.00325121 0.00275101 0.00354555 0.966246 0.00628837
7 0.0101058 0.95829 0.00131295 0.000537362 0.00514383 0.0153589 0.009251
6 0.00532113 0.00437237 0.00266428 0.946427 0.0103094 0.0138265 0.0170796
1 0.0533062 0.0006962 0.937984 0.00109983 0.00252017 0.00129789 0.00309558
5 0.897937 0.0113912 0.0308335 0.000931407 0.0323832 0.00469169 0.0218317
2 0.00269245 0.00183451 0.00158585 0.00626451 0.00149208 0.984643 0.00148777
7 0.00622444 0.969011 0.00212161 0.00180911 0.00801242 0.00330152 0.00951974
6 0.00153074 0.000733337 0.000765802 0.984922 0.00523091 0.0033987 0.00341876
1 0.0529643 0.000814588 0.933459 0.000953422 0.0111737 0.000385618 0.000249685
5 0.91193 0.00763601 0.0465874 0.000726165 0.0266184 0.00216783 0.0043342
2 0.00503678 0.0104775 0.00251458 0.00668937 0.00399005 0.960358 0.0109335
7 0.0044409 0.955874 0.00244746 0.00523067 0.00255345 0.0201599 0.00929358
6 0.00273043 0.00119931 0.00232062 0.971822 0.00307097 0.00402212 0.0148341
1 0.0513792 0.00117465 0.931897 0.000599259 0.0140332 0.00037402 0.000542192
5 0.983237 0.00425862 0.00249456 0.00125987 0.00328437 0.00424939 0.00121649
2 0.000802374 0.00267594 0.000160241 0.00792208 0.000810414 0.985466 0.00216256
7 0.00926851 0.95066 0.00195439 0.00281126 0.00708851 0.0185828 0.0096345
6 0.000875218 0.000162443 0.000269347 0.992778 0.00109584 0.00268624 0.00213289
6 0.00346572 0.000538827 0.00127569 0.96652 0.0140787 0.00713978 0.00698148
1 0.0535692 0.000385343 0.942511 0.000672548 0.00257606 0.000213324 7.2432e-05
4 0.0278619 0.00104246 0.0074595 0.000738429 0.957405 0.000549915 0.00494328
5 0.918921 0.0161174 0.0157703 0.00138527 0.0337419 0.00591513 0.00814917
5 0.916252 0.00273728 0.046981 0.00078054 0.0308293 0.00169282 0.000727488
2 0.00520345 0.00454988 0.00262671 0.00951951 0.00493315 0.962417 0.0107502
7 0.00739383 0.97347 0.00449591 0.000927096 0.0053846 0.00115252 0.00717615
1 0.0533357 0.00311151 0.924153 0.0022127 0.010819 0.00101185 0.00535599
5 0.950363 0.00108242 0.0451181 0.000371424 0.00285722 0.000145132 6.28879e-05
2 0.00372728 0.000628451 0.00239934 0.00261959 0.000801706 0.980667 0.00915645
7 0.00936638 0.962796 0.0056636 0.000998926 0.00571812 0.0116127 0.00384457
6 0.00410949 0.000993011 0.00205761 0.975651 0.00666236 0.0018854 0.00864116
1 0.0383765 0.000350759 0.957831 0.000818838 0.000941819 0.000280835 0.00140058
5 0.905661 0.00521309 0.0444158 0.00189615 0.0155893 0.00670707 0.020518
2 0.00197748 0.00249955 0.00141828 0.00332566 0.000565259 0.983021 0.00719231
7 0.00658248 0.970394 0.00843837 0.00211021 0.00436442 0.0041005 0.00400965
6 0.00528447 0.00344572 0.00316202 0.950459 0.0142841 0.00829173 0.015073
1 0.0539361 0.00415416 0.920146 0.00215948 0.00975221 0.00258835 0.00726356
4 0.0368647 0.00095458 0.0113223 0.0018678 0.942285 0.000491759 0.00621338
5 0.989457 0.000315752 0.00717671 0.000249851 0.00223397 0.000343934 0.00022286
2 0.00519716 0.00615856 0.00205146 0.0124045 0.00387147 0.959629 0.0106878
7 0.00939926 0.961505 0.00345315 0.00216557 0.0061959 0.00964581 0.0076352
6 0.00611833 0.00180014 0.00299097 0.957057 0.0111928 0.00588381 0.0149565
1 0.0425647 0.00139373 0.936485 0.00101466 0.0135154 0.000602333 0.00442435
1 0.00653576 0.000901705 0.975677 0.000965546 0.00814737 0.000384998 0.007388
4 0.0369309 0.00010244 0.00515332 0.000652306 0.95504 0.000264797 0.00185643
5 0.96417 0.00179874 0.0316142 0.000281199 0.00135935 0.000204572 0.000572115
2 0.00242155 0.012516 0.000674232 0.00567555 0.00307392 0.967671 0.00796773
7 0.00602976 0.982657 0.000962821 0.00091678 0.0049718 0.00372028 0.000741511
6 0.0050132 0.000874427 0.00109248 0.962195 0.00528778 0.00981182 0.0157258
1 0.0535418 0.00389417 0.928248 0.00156896 0.00716 0.00266892 0.00291785
3 0.00939288 0.00164838 0.00712299 0.000421817 0.00133293 0.00135362 0.978727
5 0.9219 0.00114164 0.0452986 0.00145889 0.0256155 0.00274438 0.00184052
7 0.00124043 0.963325 0.00193508 0.0039403 0.0044027 0.0195132 0.00564292
1 0.00122064 0.00179325 0.994828 0.00042465 0.000518662 0.000140384 0.00107438
3 0.0123566 0.000311919 0.00620643 0.00305084 0.00395763 0.00666344 0.967453
3 0.011499 0.0019488 0.00791331 0.00120538 0.0035378 0.00130615 0.97259
2 0.00138415 0.0115649 0.00225199 0.00227514 0.00379462 0.977868 0.000861493
1 0.0411996 0.00500365 0.920785 0.00246452 0.0115512 0.00328682 0.0157091
5 0.927379 0.000570309 0.0454696 0.000575382 0.0251951 0.000421108 0.000388987
2 0.000661601 0.00356732 0.000406708 0.00412132 0.0026706 0.988029 0.000543413
7 0.00429077 0.965637 0.00318658 0.00410184 0.00946611 0.0096362 0.00368161
1 0.0170418 0.00115929 0.970132 0.000666826 0.00675749 0.000471615 0.00377086
3 0.0124723 0.000319813 0.0066638 0.00191641 0.00643076 0.00435338 0.967844
2 0.00155301 0.0125114 0.0018989 0.0141337 0.0045352 0.964007 0.00136031
7 0.00275229 0.970624 0.00373054 0.00151524 0.000934437 0.0193987 0.00104509
6 0.00540274 0.00821999 0.00268125 0.95991 0.0108844 0.00812787 0.00477416
1 0.0230229 0.000155989 0.970547 0.000299862 0.00534895 0.000179282 0.000446508
1 0.0529886 0.000267028 0.94277 0.000290436 0.00343234 6.05565e-05 0.000191363
3 0.0118782 0.00192619 0.00338571 0.00164162 0.00247497 0.0068267 0.971867
7 0.000849748 0.968879 0.00167795 0.00129874 0.00520055 0.0195071 0.00258694
6 0.0053013 0.00652727 0.00255928 0.947407 0.0121823 0.018552 0.00747104
1 0.0299957 0.000145375 0.968406 0.000392592 0.000936968 7.94219e-05 4.34751e-05
1 0.0494905 0.0113912 0.908558 0.00211912 0.0116207 0.00890411 0.00791602
3 0.0129688 0.000144949 0.00823664 0.000822879 0.00509597 0.00018612 0.972545
7 0.00124584 0.991648 0.0044193 0.000242267 0.000673748 0.00115967 0.00061123
1 0.0271649 0.00105297 0.967924 0.000429197 0.00323128 0.000161913 3.53376e-05
7 0.00343534 0.980132 0.00267537 0.00118661 0.00232955 0.00644248 0.00379872
6 0.00490445 0.00820918 0.00259751 0.949571 0.00992225 0.0177674 0.00702856
1 0.0346121 0.00634524 0.921539 0.00227648 0.0176449 0.00288361 0.014699
1 0.0534728 0.00167065 0.941489 0.000553039 0.00125781 0.000857178 0.000699609
3 0.0130491 0.00154605 0.00808789 0.000865807 0.0048502 0.0032605 0.96834
5 0.93911 0.000174324 0.0450485 0.000509427 0.0143368 0.000147142 0.000673729
5 0.917551 0.000809102 0.0455235 0.00135168 0.0259051 0.00148068 0.0073789
2 0.00202812 0.0142262 0.00272247 0.0227888 0.00332275 0.949587 0.00532457
7 0.001676 0.962698 0.00865656 0.00296635 0.00395513 0.0146693 0.00537844
6 0.00461378 0.0105067 0.00408313 0.944793 0.00994898 0.0185262 0.00752857
1 0.046933 0.00265724 0.936783 0.00111067 0.00498205 0.00176294 0.00577112
3 0.00328868 0.000737205 0.000645791 0.00354474 0.000999678 0.00234762 0.988436
7 0.00152425 0.954878 0.00100239 0.0111029 0.00426645 0.0202317 0.00699449
1 0.0211805 0.00446667 0.952104 0.000958939 0.00231867 0.00286198 0.0161093
4 0.0462112 0.00725265 0.00666995 0.000849338 0.932536 0.00520444 0.00127693
7 0.00282202 0.964895 0.0014019 0.00609779 0.00449177 0.0195319 0.000760023
1 0.0532566 0.000146089 0.942626 0.000524894 0.00255816 0.000141318 0.000747213
4 0.00476375 0.000723492 0.000445953 0.0130616 0.970625 0.00351116 0.006869
7 0.000400286 0.955062 0.00052115 0.0211111 0.00562102 0.0133179 0.00396658
1 0.0099643 0.00599432 0.954717 0.00459713 0.0119857 0.0032846 0.00945646
4 0.00692409 0.00097167 0.00157557 0.00607329 0.973682 0.00191401 0.00885938
5 0.888743 0.00229583 0.0457565 0.000967836 0.0474255 0.00102934 0.0137823
2 0.00137372 0.0116943 0.000417542 0.0053495 0.00268479 0.976534 0.00194656
7 0.00305404 0.946092 0.00215733 0.0124332 0.0054302 0.020855 0.00997791
1 0.00978902 0.00661588 0.957757 0.0031708 0.0123369 0.00302106 0.00730916
5 0.921383 0.0115587 0.00854745 0.00106971 0.0514954 0.00264514 0.00330085
7 0.000126256 0.955379 0.000228697 0.0169597 0.00677201 0.0201756 0.000358924
1 0.0277063 0.00379339 0.925435 0.00782899 0.0166298 0.00311379 0.0154922
1 0.00992509 0.000230454 0.988344 0.000216128 0.00108563 6.55694e-05 0.000132687
4 0.0460269 0.00236927 0.00590673 0.000604439 0.933129 0.00325376 0.00871017
2 0.0010399 0.0148212 0.00180239 0.0206475 0.00300056 0.952731 0.00595702
6 0.00236846 0.00963018 0.00299743 0.941457 0.019153 0.0153642 0.00902932
1 0.0281166 0.00169616 0.936771 0.00344455 0.0154948 0.00283056 0.0116461
4 0.00123073 0.000157228 0.000470371 0.00528239 0.984179 0.000627898 0.00805223
4 0.00376558 0.00559042 0.00108631 0.0131318 0.966666 0.00162899 0.00813038
2 0.0024562 0.00947594 0.0019819 0.0216835 0.00775265 0.951448 0.00520181
6 0.00377889 0.0213329 0.00320002 0.942956 0.0170518 0.0083401 0.00334062
1 0.00289857 0.0029965 0.97433 0.00323962 0.0106425 0.00242681 0.00346546
4 0.0110297 0.000197239 0.00230018 0.00162734 0.980796 0.000974386 0.00307493
3 0.00369897 0.00309387 0.00257069 0.0055078 0.00896197 0.00219741 0.973969
5 0.885093 0.0156966 0.0452081 0.0024987 0.0374385 0.00539171 0.00867328
2 0.00292824 0.0128531 0.00215855 0.0146862 0.00511529 0.958552 0.0037071
4 0.0301639 0.00408246 0.010831 0.00249335 0.941364 0.00151594 0.00954879
2 0.00386508 0.0139755 0.00185434 0.0171045 0.0061955 0.952668 0.00433741
7 0.00120443 0.956352 0.00264146 0.00801109 0.00920785 0.0192927 0.00329007
1 0.0235151 0.000113051 0.970881 0.000319743 0.0036875 0.000161375 0.00132231
2 0.000544774 0.00358818 0.000405028 0.024929 0.000828079 0.968373 0.00133152
6 0.00128818 0.00601588 0.00098263 0.956753 0.0156167 0.016412 0.0029319
1 0.0132179 0.000311058 0.963531 0.00155609 0.00505328 0.000699038 0.0156318
4 0.000538914 0.00449442 0.000339013 0.0129152 0.973225 0.00455197 0.00393547
2 0.000771907 0.00421116 0.000892471 0.0250604 0.000773631 0.966122 0.0021689
1 0.0516725 0.000432245 0.919708 0.00280297 0.0113694 0.0017115 0.0123037
5 0.93603 0.00394262 0.0452591 0.00076905 0.0127329 0.000696834 0.000569829
2 0.000856017 0.0132841 0.000385709 0.0223303 0.00198612 0.960836 0.000322196
1 0.0527985 0.000822263 0.940769 0.000598962 0.00413377 0.000459299 0.000418124
4 0.0154689 0.00843423 0.00441963 0.00854234 0.951725 0.00419004 0.0072195
4 0.00238939 0.00604818 0.000657555 0.012297 0.972765 0.00454944 0.00129394
2 0.00224306 0.00905837 0.00183792 0.027114 0.0043244 0.953565 0.00185718
7 0.000432726 0.974395 0.000919424 0.00964893 0.00183919 0.0125483 0.000215958
1 0.053479 0.00101471 0.933028 0.000361721 0.00777141 0.000693531 0.00365118
3 0.00664347 0.00484526 0.00190946 0.00286901 0.00462149 0.00301767 0.976094
5 0.928979 0.00664258 0.0451558 0.00120793 0.0129333 0.0037417 0.00133997
2 0.00064507 0.00706461 0.00044498 0.0168754 0.00082099 0.973258 0.000890751
7 0.00109639 0.962938 0.00127396 0.00545841 0.00956009 0.0180487 0.0016243
6 0.00218628 0.0110768 0.00250319 0.952799 0.0071414 0.0182963 0.00599739
1 0.0538587 0.000155013 0.932757 0.000861333 0.00091402 0.00127985 0.0101745
4 0.0429645 0.0106904 0.00302243 0.00154791 0.931318 0.00743559 0.00302149
5 0.906221 0.0173861 0.0169133 0.00356526 0.0351095 0.0105021 0.0103031
7 0.000206911 0.96636 0.000173325 0.0105162 0.00254468 0.0198889 0.000309425
1 0.0532765 0.000520901 0.938399 0.000517598 0.00148651 0.00166794 0.00413196
4 0.0244929 0.011409 0.00674302 0.00444636 0.936116 0.00690498 0.00988799
5 0.90984 0.0036023 0.0471604 0.00129384 0.0303002 0.00194046 0.00586293
5 0.901668 0.00199381 0.0479482 0.000870603 0.0435393 0.00124325 0.00273678
2 0.000746321 0.00783861 0.00227358 0.0270222 0.00416255 0.954411 0.00354535
7 0.00355294 0.946242 0.00490096 0.0111673 0.00857625 0.0205728 0.00498806
6 0.00130292 0.00267907 0.00160846 0.970931 0.00156928 0.0172008 0.00470825
1 0.0242596 0.00735895 0.930454 0.00339297 0.0146351 0.00394353 0.0159561
4 0.0397921 0.00341803 0.0100205 0.000465611 0.942703 0.00126567 0.00233531
2 0.000729489 0.00405814 0.000662924 0.02656 0.00165144 0.965352 0.000986086
6 0.00225189 0.0204635 0.00236335 0.942931 0.0096199 0.0164768 0.00589316
1 0.053545 0.000249978 0.944287 0.000435014 0.00105725 0.000330778 9.451e-05
4 0.0187184 0.00946352 0.00399122 0.00393119 0.947462 0.00777021 0.00866301
3 0.0025815 0.00278349 0.00119772 0.0101096 0.00973218 0.00256827 0.971027
5 0.892698 0.00525596 0.0483974 0.00282126 0.0399136 0.00369362 0.00722064
2 0.00207686 0.00568981 0.00153251 0.0267751 0.00309994 0.951958 0.00886743
7 0.00352784 0.978761 0.0023788 0.00298244 0.00806164 0.00237775 0.00191071
1 0.0534585 0.00118545 0.935498 0.000689186 0.00702409 0.000601691 0.00154272
4 0.0268544 0.0106606 0.00622407 0.0055171 0.941355 0.00510772 0.0042814
5 0.896865 0.00527812 0.0376722 0.00275836 0.0537829 0.000820058 0.00282295
7 0.000417894 0.996115 0.00205415 0.000339562 0.000223038 0.000712709 0.000137167
6 0.00240501 0.0125345 0.0026559 0.952554 0.0052448 0.018881 0.00572477
1 0.0533991 0.00589673 0.935431 0.000443842 0.00198678 0.00116391 0.00167882
5 0.908374 0.00824004 0.0456693 0.00241272 0.0248801 0.00356374 0.00685965
2 0.000463813 0.012689 0.00207831 0.0257853 0.00377524 0.951387 0.00382128
7 0.00157993 0.962397 0.00353439 0.00727511 0.00440579 0.0193004 0.0015076
6 0.000769309 0.00178487 0.000824767 0.972339 0.00186483 0.0170529 0.00536412
1 0.035224 0.00736432 0.921933 0.00230168 0.0175724 0.0028053 0.0127997
1 0.0404675 0.00373213 0.919404 0.00292034 0.00819865 0.00401501 0.0212624
4 0.0173214 0.00856999 0.00255994 0.00666287 0.94839 0.00788748 0.00860837
5 0.88906 0.015537 0.0436083 0.00328655 0.0373227 0.00525504 0.00593017
2 0.000399552 0.00678432 0.0005168 0.026971 0.00318325 0.957775 0.00437
7 0.00035576 0.985956 0.000846126 0.00347533 0.0018763 0.00688956 0.000601219
6 0.00067329 0.00200996 0.000572823 0.971553 0.00461047 0.0126575 0.0079226
1 0.0535149 0.00527947 0.923131 0.00221525 0.00519287 0.00428016 0.00638608
4 0.00306298 0.00266322 0.000275257 0.0128068 0.970946 0.00406643 0.00617967
4 0.00559003 0.00338787 0.000695946 0.0134684 0.965667 0.00544676 0.0057444
2 0.000272462 0.00722929 0.000388374 0.0269923 0.00445023 0.958016 0.00265104
7 0.000244061 0.993939 0.000142892 0.00226792 0.000602547 0.00245349 0.000350038
6 0.000352872 0.000945674 0.000184493 0.975917 0.00240967 0.0168332 0.00335719
1 0.0533144 0.00190168 0.938426 0.00083646 0.00281297 0.00128427 0.0014244
5 0.916318 0.0144247 0.0431687 0.0012892 0.0176736 0.00428543 0.00284024
2 0.00264834 0.0117088 0.00184531 0.00805803 0.00543533 0.966182 0.00412231
7 0.00669539 0.947503 0.00806777 0.0030436 0.00818962 0.0151229 0.0113782
1 0.0366386 0.00123611 0.946543 0.000426049 0.00613705 0.00128214 0.00773693
4 0.0110591 0.00645946 0.00452958 0.000569556 0.975596 0.00127993 0.00050592
3 0.00430438 0.00296417 0.00222023 0.00547782 0.00230126 0.00529659 0.977436
7 0.00546539 0.968671 0.00308532 0.00094074 0.00853167 0.00733689 0.00596933
1 0.0307164 0.00560729 0.943091 0.00114506 0.014329 0.00266806 0.00244277
1 0.0533715 0.00573933 0.935854 0.000771251 0.0013764 0.00142494 0.00146308
1 0.0118096 0.000398389 0.977082 0.00020463 0.00973095 0.000212294 0.000562504
4 0.00991745 0.00592806 0.00421427 0.00531423 0.959953 0.00473518 0.00993782
2 0.00366519 0.0125406 0.00329367 0.00519768 0.00542222 0.962813 0.00706748
7 0.00309263 0.957591 0.00331272 0.000855915 0.00729411 0.0200953 0.00775805
6 0.00332624 0.00673532 0.00271903 0.949123 0.00732887 0.0142072 0.0165607
1 0.0197894 0.000563397 0.976843 0.000214389 0.00186246 0.000512273 0.000214642
4 0.0305928 0.00896434 0.0109168 0.00280672 0.944037 0.00185618 0.000826498
2 0.00702436 0.0132002 0.00499892 0.00444483 0.00647885 0.954035 0.00981793
1 0.0398522 0.0209249 0.91294 0.00217864 0.0122993 0.0077667 0.00403857
6 0.00423928 0.00632881 0.00262323 0.946988 0.00821955 0.0190503 0.0125505
1 0.0253271 0.00139614 0.968674 0.000170218 0.00317125 0.000947573 0.000313314
4 0.00629742 0.00267107 0.00132385 0.00202676 0.985235 0.000519984 0.00192638
3 0.00558586 0.00243415 0.00521792 0.0107049 0.00550678 0.00493014 0.96562
5 0.936536 0.0113335 0.0431758 0.000781584 0.00366107 0.00236016 0.0021521
7 0.00846246 0.969283 0.00633935 0.000473315 0.00356867 0.0069151 0.00495837
1 0.0512072 0.00558039 0.932348 0.000759493 0.00738362 0.00158673 0.00113402
1 0.0369827 0.000242449 0.961549 0.000123299 0.000952565 0.000101672 4.87883e-05
1 0.0514302 0.00151743 0.930722 0.000765773 0.0138977 0.000653608 0.00101359
2 0.00446493 0.0110659 0.00425327 0.000419407 0.00134897 0.968388 0.0100595
6 0.004224 0.00530735 0.00272282 0.958086 0.00690356 0.0067893 0.0159674
4 0.0488615 0.00339105 0.00194684 0.00281156 0.93897 0.00134904 0.00267049
6 0.00467543 0.00373413 0.00337138 0.962441 0.00233549 0.00831186 0.0151307
1 0.0510354 0.00612279 0.916909 0.000714686 0.0150015 0.00264017 0.00757626
4 0.0463562 0.0052165 0.00847042 0.000220803 0.936803 0.000726876 0.00220611
2 0.00435895 0.00970067 0.00289246 0.00398124 0.00208431 0.969603 0.00737915
1 0.0535632 0.000296287 0.933448 0.000406007 0.00256225 0.00133464 0.00838951
4 0.031499 0.00144111 0.00945606 0.000490207 0.953769 0.00081101 0.00253371
3 0.00566564 0.00276579 0.00248091 0.00323361 0.0089023 0.00204323 0.974909
3 0.00897994 0.0041569 0.00392787 0.00462417 0.00948469 0.00289865 0.965928
5 0.985754 0.000194906 0.0109499 0.000263381 0.00254345 0.000136327 0.000158372
2 0.0006096 0.00866855 0.000704897 0.022499 0.00923669 0.95086 0.00742175
7 0.00317564 0.963207 0.00431045 0.000499582 0.00988629 0.0107204 0.00820086
1 0.0520204 0.000775889 0.924594 0.00166994 0.0130971 0.00299762 0.00484464
4 0.0172282 0.0082156 0.00163253 0.00780983 0.950537 0.00554955 0.00902766
3 0.010601 0.000772258 0.000544119 0.00298185 0.00249562 0.00630891 0.976296
5 0.900297 0.00316678 0.0454534 0.00236949 0.0259978 0.00828357 0.014432
2 0.0012708 0.00654029 0.000863968 0.0218423 0.0057028 0.955864 0.00791558
7 0.00240301 0.957451 0.00487355 0.00222339 0.00161196 0.020356 0.0110814
6 0.00291163 0.00487374 0.0017561 0.9517 0.0187519 0.0161204 0.00388647
1 0.0539872 0.00340809 0.921509 0.00212908 0.00688429 0.00312491 0.00895714
4 0.00925176 0.00143258 0.00151409 0.000340366 0.986314 0.000561157 0.000585614
5 0.946579 0.00073467 0.0450147 0.000524963 0.00620042 0.000531815 0.000414516
2 0.00518479 0.00828254 0.00157264 0.0131181 0.0104074 0.954369 0.00706516
6 0.000853499 0.000999156 0.000343748 0.991663 0.00333596 0.00209055 0.000714326
1 0.0350709 0.00111995 0.950063 0.000577393 0.00970327 0.000645825 0.00281991
4 0.0290558 0.00963289 0.00378301 0.00852201 0.926488 0.00524513 0.0172728
3 0.000564898 0.000318552 0.000367035 0.00948528 0.00192786 0.00130705 0.986029
2 0.00118382 0.0143357 0.000832531 0.0181064 0.00652151 0.955977 0.00304334
7 0.00367268 0.949217 0.00234279 0.00697274 0.00977243 0.0171124 0.0109098
6 0.00325154 0.00302756 0.00286334 0.956876 0.0193541 0.00209406 0.0125329
1 0.0400849 0.0165893 0.915493 0.00208532 0.0119887 0.00323316 0.0105258
1 0.0534492 0.000205915 0.942915 0.00038409 0.00251836 0.000170061 0.000357014
5 0.908675 0.00101732 0.0486317 0.00067571 0.0394737 0.000916937 0.000609678
2 0.0014849 0.00455054 0.000588511 0.0238657 0.00637945 0.952467 0.0106636
7 0.00074867 0.963614 0.000365726 0.00728362 0.00796655 0.0179645 0.00205706
6 0.00384494 0.0094859 0.00263474 0.935527 0.0187859 0.0196805 0.0100415
1 0.0489477 0.00130749 0.922543 0.00107327 0.0166314 0.00231605 0.00718136
4 0.0422365 0.00147631 0.00836479 0.000469043 0.932374 0.000939711 0.0141393
3 0.00818801 0.00133194 0.00320512 0.00752069 0.00954342 0.00101169 0.969199
5 0.962259 0.000386097 0.0218311 0.000998135 0.0122128 0.00121086 0.00110158
2 0.00596199 0.0125329 0.00242983 0.00827605 0.00612003 0.959499 0.00517984
7 0.000788074 0.966714 0.00067376 0.00634344 0.007983 0.0149332 0.0025648
1 0.0529623 0.00553708 0.926751 0.00080212 0.0108237 0.00055047 0.00257287
5 0.893572 0.00501789 0.0476981 0.00245202 0.0337146 0.00655922 0.0109857
2 0.00432563 0.0142617 0.00295127 0.0201988 0.00559987 0.946122 0.00654028
7 0.0035123 0.954396 0.00402217 0.00356865 0.00572332 0.0132603 0.0155176
1 0.0534982 0.00198778 0.933183 0.000903602 0.00847671 0.0011571 0.000793439
4 0.029795 0.00520221 0.00391115 0.0040595 0.936606 0.00390448 0.0165217
3 0.00156643 0.00287929 0.000583444 0.0113525 0.00372199 0.00621448 0.973682
5 0.950137 7.84677e-05 0.0451669 0.000518682 0.00318886 0.000268775 0.000641494
2 0.00130897 0.0141741 0.00094699 0.0228055 0.000949722 0.956834 0.00298092
7 0.00102354 0.958594 0.00242737 0.00346064 0.00189747 0.0202992 0.0122974
6 0.00069672 0.000414193 0.000793648 0.987596 0.00260173 0.00439739 0.00350007
1 0.0536198 0.000520704 0.927824 0.00164758 0.00793026 0.00257423 0.00588296
4 0.0159362 0.00626688 0.00222534 0.0138848 0.939402 0.00625473 0.0160296
3 0.00900358 0.00670362 0.00166751 0.0029743 0.00457552 0.00472211 0.970353
5 0.949902 0.000455372 0.0451384 0.000248109 0.00367328 0.000139412 0.000443461
5 0.881518 0.00792192 0.036062 0.00255238 0.0351239 0.00954127 0.0272803
2 0.00077633 0.0141744 0.000265255 0.0172881 0.00242122 0.959027 0.00604808
7 0.00165925 0.959663 0.000925333 0.00480561 0.00544184 0.0199372 0.00756749
1 0.0533483 0.000504141 0.939806 0.000847024 0.00425832 0.000546112 0.00068997
3 0.015552 0.00058959 0.00214855 0.00114648 0.00796907 0.00241223 0.970182
5 0.900121 0.00278627 0.0369576 0.00115693 0.0545256 0.00314446 0.00130814
2 0.000663111 0.0128076 0.000259958 0.0165348 0.00122019 0.967215 0.00129958
7 0.000983177 0.972862 0.00129982 0.00221188 0.00103793 0.0193328 0.0022724
1 0.0423639 0.00060168 0.951032 0.00123925 0.00295625 0.000877694 0.000929212
1 0.0533935 0.000177541 0.936792 0.0010865 0.00750942 0.000595144 0.000445567
4 0.00867715 0.00228324 0.00122185 0.00496884 0.964518 0.005486 0.0128449
4 0.0367499 0.00370009 0.0115514 0.000698647 0.940668 0.00349973 0.00313217
3 0.00316523 0.00101289 0.000491889 0.00861853 0.00417001 0.00597483 0.976567
7 0.00111171 0.952786 0.000462213 0.00797714 0.00551925 0.0205869 0.0115566
1 0.0517291 0.012139 0.914509 0.00209766 0.0118601 0.00334416 0.00432145
1 0.0514475 0.00569001 0.916786 0.00171532 0.0149146 0.00380623 0.00564034
4 0.0340534 0.00732781 0.00889149 0.000580253 0.934897 0.00770101 0.00654881
3 0.00768065 0.00386175 0.00182509 0.00341638 0.0071416 0.00688286 0.969192
5 0.903271 0.00733551 0.0432177 0.00248541 0.0269248 0.00879011 0.00797572
2 0.00066238 0.0116541 0.000226597 0.000995762 0.00262686 0.983137 0.000697391
7 0.00877618 0.953501 0.0015017 0.00596638 0.00900607 0.0154507 0.00579796
6 0.00411776 0.00737115 0.00252222 0.947173 0.0056367 0.0173198 0.0158597
1 0.0533116 0.00235911 0.936603 0.0015142 0.00230093 0.0028265 0.00108494
1 0.0380871 0.000792914 0.954789 0.000776806 0.00356456 0.000993444 0.000996453
4 0.00750787 0.000583838 0.00100113 0.000366524 0.989574 0.00032813 0.000638034
3 0.00836793 0.00443018 0.00265743 0.001165 0.0093219 0.0031928 0.970865
2 0.00119836 0.0117437 0.00037288 0.00465358 0.00122798 0.979694 0.00110974
6 0.0044157 0.0178171 0.00246876 0.935416 0.0182893 0.0171742 0.0044191
6 0.00211616 0.0005885 0.000564617 0.990679 0.00147256 0.0035812 0.000997857
1 0.0530726 0.00127692 0.933116 0.000688112 0.0109411 0.000632768 0.000272486
1 0.0533577 0.000646607 0.934837 0.00173162 0.00589068 0.00251138 0.00102475
4 0.0155477 0.00436471 0.003454 0.000869824 0.96603 0.00161275 0.00812146
4 0.0487461 0.00146758 0.00372267 0.00222035 0.934312 0.00242481 0.00710689
5 0.925602 0.00422739 0.045424 0.000815989 0.0211347 0.00206045 0.000735361
5 0.917335 0.00687067 0.0456705 0.00142147 0.0209505 0.00320549 0.00454673
2 0.0012175 0.012459 0.00177883 0.0118977 0.00324148 0.966026 0.00337975
7 0.00238941 0.952055 0.000827141 0.0084228 0.00833773 0.0202481 0.00771961
6 0.00241665 0.00647417 0.00246606 0.942959 0.0184014 0.0144914 0.0127909
6 0.00238186 0.00596566 0.00145995 0.945583 0.0134564 0.0137962 0.0173574
1 0.0532587 0.000630376 0.940593 0.000909184 0.00391644 0.000339812 0.000352671
1 0.0531239 0.000756285 0.940989 0.000740307 0.00309218 0.000647582 0.000650875
4 0.0132306 0.00397288 0.000955018 0.00993891 0.946618 0.014488 0.0107964
3 0.00469904 0.0031391 0.000765112 0.00744315 0.00182938 0.00590707 0.976217
5 0.913694 0.00645885 0.0455671 0.00247717 0.0256252 0.00422122 0.00195616
2 0.00216086 0.00520692 0.000777994 0.0156283 0.00101202 0.965656 0.00955799
2 9.71038e-05 0.011583 6.70941e-05 0.00147325 0.000490572 0.985343 0.000946156
7 0.000359142 0.960788 0.000129318 0.00973028 0.00447195 0.0197039 0.00481728
6 0.000926497 0.000679684 0.000658168 0.963916 0.00906894 0.0126582 0.0120929
1 0.0503222 0.00142913 0.928529 0.000748079 0.0151231 0.0024758 0.00137268
4 0.0487786 0.000302533 0.00236209 0.00166873 0.941107 0.00398781 0.00179341
3 0.000968778 0.00314919 0.00045625 0.008011 0.00445306 0.00604369 0.976918
5 0.90315 0.0119077 0.0471399 0.00215415 0.0248054 0.00476574 0.00607676
5 0.993998 4.5476e-05 0.00315128 0.00079912 0.00161353 0.000219763 0.000172565
7 0.00401586 0.954118 0.000694998 0.00931616 0.00485697 0.0201002 0.00689798
1 0.0535324 0.000386692 0.935268 0.000837384 0.00802552 0.000744017 0.00120602
4 0.0471986 9.72139e-05 0.00798631 0.000691785 0.938087 0.000491782 0.0054471
5 0.925757 0.000499352 0.0457647 0.000790108 0.026231 0.000372033 0.000585286
7 0.00220052 0.971969 0.000947324 0.0036916 0.000688857 0.019407 0.00109574
6 0.00155988 0.000303544 0.000694496 0.980631 0.00804729 0.00269086 0.00607264
1 0.0518914 0.000782157 0.927791 0.00224547 0.0135947 0.0026018 0.00109371
1 0.0351616 0.0200427 0.922703 0.0022422 0.0150727 0.00363178 0.00114631
4 0.0304936 0.00222921 0.00355818 0.00278716 0.939557 0.0048841 0.0164903
3 0.00606701 0.00271049 0.00328202 0.00293295 0.00782164 0.00663765 0.970548
2 5.60137e-05 0.000131979 3.0348e-05 0.00238797 0.00010633 0.99676 0.000527065
6 0.00155143 0.00171288 0.00300318 0.969825 0.00484479 0.00706268 0.0120002
1 0.053011 0.000744856 0.938581 0.00118083 0.00421568 0.00112244 0.00114452
4 0.0259932 0.00470137 0.00240654 0.000838153 0.954937 0.00832448 0.0027997
3 0.000809288 0.000838085 0.000256428 0.0128651 0.000851879 0.00457276 0.979806
5 0.912659 0.00813376 0.0458232 0.00125225 0.0244008 0.00171241 0.00601904
2 0.00270408 0.00591551 0.000464883 0.00194463 0.00146449 0.985498 0.002008
6 0.00498632 0.00228822 0.00170966 0.951555 0.00857346 0.0142105 0.0166766
1 0.0535903 0.00216905 0.924064 0.00183159 0.00392635 0.00397375 0.0104447
1 0.0452912 0.000329267 0.950763 0.000576203 0.00242849 0.000426345 0.000185558
4 0.00908884 0.00345427 0.00143083 0.0024409 0.967042 0.00623218 0.0103113
3 0.00315218 0.00375778 0.00229254 0.00825612 0.0082459 0.00697054 0.967325
2 0.00560017 0.0117829 0.00204036 0.000794247 0.00460142 0.973286 0.00189487
7 0.00359484 0.963595 0.0004436 0.00750382 0.00383053 0.0196735 0.00135923
6 0.0012268 0.00268715 0.000408892 0.965892 0.004794 0.0173065 0.00768464
1 0.0535133 0.0049025 0.933484 0.00101255 0.00208002 0.00263928 0.0023688
3 0.0107383 0.00327524 0.00429048 0.000594723 0.0091693 0.00222017 0.969712
5 0.924124 0.000491286 0.0457097 0.000696164 0.0263368 0.000796936 0.00184534
2 0.00289209 0.0119851 0.00322693 0.000562643 0.00538908 0.970108 0.0058363
7 0.00412866 0.97033 0.00790977 0.000279772 0.00770939 0.00181427 0.00782837
6 0.00371003 0.00370223 0.00266657 0.948812 0.0121855 0.0118358 0.0170875
1 0.00395057 0.000106357 0.994652 0.000432471 0.000159211 0.000198842 0.000500396
3 0.0131599 0.000318317 0.00393841 0.00183711 0.00340027 0.00486532 0.972481
3 0.00939472 0.00245396 0.0043782 0.00246642 0.00395653 0.0065908 0.970759
2 0.00464204 0.00113438 0.00236665 0.00197975 0.00572832 0.974811 0.00933779
7 0.00466778 0.959597 0.00350619 0.000858695 0.00272894 0.0199029 0.00873896
6 0.00339071 0.000899422 0.0027702 0.958347 0.00806406 0.0105949 0.0159334
1 0.0534875 0.000411269 0.938994 0.00200338 0.00226791 0.00214988 0.000686249
4 0.0223899 9.16155e-05 0.00557047 0.000195507 0.971134 0.000177993 0.000440128
3 0.0067213 0.00560611 0.00463725 0.00360341 0.00295003 0.00628853 0.970193
5 0.948844 0.000146816 0.0451178 0.000961584 0.00397681 0.000742439 0.000210212
2 0.00195503 0.00329839 0.00109575 0.00328501 0.00545247 0.977867 0.00704641
2 0.000484624 0.00194729 0.000412335 0.0259918 0.00144517 0.968932 0.000786612
7 0.00708764 0.951629 0.00610381 0.00356375 0.00850633 0.0176068 0.00550224
6 0.00231993 0.000579049 0.00214476 0.960219 0.0104357 0.0103648 0.0139365
1 0.0534835 5.94195e-05 0.941515 0.000458527 0.00416935 0.00015585 0.000158125
1 0.046733 0.000208469 0.949818 0.000942738 0.00145992 0.000646818 0.000190744
4 0.0276633 0.00132056 0.00707803 0.000350687 0.95989 0.000493855 0.00320391
3 0.00258035 0.00108063 0.00181708 0.00420357 0.00295286 0.00217415 0.985191
5 0.915601 0.000457303 0.0460743 0.00195563 0.0275358 0.000959596 0.00741675
2 0.00211487 0.00984903 0.00224964 0.00501368 0.00228603 0.968056 0.0104304
6 0.000400777 0.000102888 0.000786851 0.994485 0.00161533 0.000645145 0.00196428
1 0.0520611 8.28778e-05 0.937699 0.00031107 0.00921321 5.92036e-05 0.00057381
1 0.0365097 0.000298601 0.941699 0.00107398 0.0168688 0.000557584 0.00299231
3 0.0030009 0.00287674 0.00201137 0.00322709 0.00378439 0.00509696 0.980003
5 0.929944 0.0010129 0.0449948 0.0023174 0.0146655 0.00502913 0.00203622
5 0.971674 0.000289689 0.020935 0.0012532 0.00470996 0.000565084 0.000572894
2 0.00359058 0.00536514 0.00268246 0.00938616 0.0129252 0.959805 0.00624536
2 0.000267373 0.00603577 0.000177984 0.0244585 0.00150866 0.965576 0.00197549
7 0.00192335 0.961609 0.00237672 0.00286647 0.00572853 0.0198031 0.00569235
6 0.000338143 0.000229371 0.000367385 0.989691 0.00405121 0.00401186 0.0013115
1 0.0532745 9.93234e-05 0.934854 0.000827388 0.0105465 0.000192719 0.000205988
4 0.0249329 0.000428433 0.00506091 0.000553303 0.963009 0.000404956 0.00561046
3 0.0112991 0.00111182 0.00296053 0.00284307 0.00738031 0.00652618 0.967879
5 0.923719 0.000278778 0.0109951 0.00309364 0.05048 0.00391056 0.00752295
2 0.000465296 0.00298551 0.000481008 0.0124642 0.00252661 0.972764 0.00831313
2 0.00191196 0.00838468 0.000887281 0.00556838 0.00567954 0.966909 0.0106595
6 0.000276345 0.00015428 0.000332443 0.9835 0.00560161 0.0018979 0.00823754
1 0.0445317 0.00557675 0.911796 0.00230218 0.0183292 0.00458175 0.0128828
1 0.0282192 0.000212851 0.967376 0.000571952 0.00286614 0.000350182 0.000404
4 0.026459 0.000410043 0.00616209 0.000736508 0.962524 0.000694141 0.00301471
3 0.00502136 0.00441093 0.00385223 0.00129127 0.00341505 0.00572962 0.97628
5 0.918584 0.000316368 0.0474266 0.0010456 0.0310357 0.000541267 0.0010509
2 0.00226935 0.00246301 0.00189438 0.00175195 0.00101489 0.981493 0.00911367
1 0.0535817 0.000117659 0.942232 0.000487399 0.00335235 0.000131277 9.78388e-05
4 0.0287475 0.000988865 0.00816225 0.00134189 0.951602 0.00316485 0.00599314
3 0.00324457 0.00326983 0.00301357 0.00545507 0.00286733 0.00551485 0.976635
5 0.939747 0.000263724 0.0448887 0.00116473 0.0108909 0.000427436 0.00261802
5 0.916492 0.000844753 0.0453166 0.00153445 0.0257986 0.00163502 0.00837839
2 0.000549649 0.00752109 0.00102771 0.0043514 0.00490122 0.971471 0.010178
7 0.00342757 0.950005 0.00369646 0.00526137 0.00339191 0.0203309 0.0138869
6 0.0036828 0.00149452 0.00281585 0.958582 0.00773996 0.0101298 0.0155549
1 0.0528393 0.000117613 0.939178 0.00122535 0.00504713 0.000984547 0.000607573
4 0.0383719 0.000232575 0.011328 0.000309605 0.948182 0.000656668 0.000919468
3 0.00318295 0.000781098 0.00109419 0.00616665 0.000716206 0.00551154 0.982547
5 0.916188 0.000449773 0.0458071 0.00152176 0.0268408 0.000940827 0.00825166
2 0.00430892 0.0124126 0.00364291 0.00184459 0.00800267 0.959829 0.00995891
2 0.00527439 0.00466438 0.00148017 0.0148389 0.0057952 0.956443 0.011504
1 0.049016 9.76372e-05 0.94003 0.00112905 0.00870114 0.000507365 0.000518378
4 0.0126422 0.000350193 0.00546595 0.000315266 0.971376 0.000447865 0.00940304
3 0.00599229 0.00383315 0.00579225 0.00114945 0.0057082 0.0041289 0.973396
5 0.921 0.00035784 0.0455568 0.00225309 0.0260367 0.000984174 0.00381115
2 0.000650785 0.00147474 0.000373637 0.00828454 0.000377314 0.979639 0.00920007
6 0.00388507 0.00507558 0.00259115 0.951823 0.00798372 0.012074 0.0165675
6 0.00138527 0.000484838 0.00055854 0.97897 0.00578906 0.00989751 0.00291485
1 0.0387271 0.000151926 0.951168 0.000758678 0.0082924 0.000611431 0.000290798
1 0.00645433 6.23904e-05 0.983077 0.000378292 0.00938186 0.000229271 0.00041642
