labels 5 7 1 6 4 2 3
5 0.873956 0.01582 0.0521614 0.00380507 0.0379679 0.00561191 0.0106774
7 0.00810471 0.968454 0.00364051 0.00165595 0.0032505 0.0113517 0.00354263
1 0.0548553 0.00129432 0.931947 0.00113245 0.00698378 0.000508927 0.0032781
6 0.00316298 0.00384013 0.00257377 0.956071 0.00385445 0.0291574 0.00133982
4 0.0376559 0.00400143 0.00906057 0.000522368 0.943739 0.00381677 0.00120407
2 0.00308388 0.00767776 0.00206935 0.0046707 0.00554626 0.975236 0.00171602
1 0.0054725 0.00095574 0.990542 0.000609416 0.00154741 0.000406751 0.000466429
5 0.893788 0.00615121 0.0283906 0.00314557 0.0443674 0.0106073 0.0135498
7 0.0084863 0.968405 0.0040706 0.00196346 0.00167658 0.0113377 0.00406077
6 0.00323802 0.00315571 0.00303188 0.95197 0.00443938 0.0291032 0.00506173
1 0.0224785 0.00255188 0.970429 0.000756276 0.00204702 0.00071519 0.00102257
3 0.0065333 0.00285791 0.00113525 0.00468179 0.00867243 0.0089774 0.967142
7 0.0114654 0.959693 0.00213809 0.0023135 0.00725837 0.0119855 0.00514651
2 0.00499614 0.00808501 0.00229358 0.00364369 0.00435834 0.972348 0.00427502
1 0.0346042 0.000107463 0.953307 0.00191465 0.00907228 0.000342218 0.00065237
4 0.0271978 0.000594075 0.010867 0.000189926 0.959691 0.000524037 0.000936457
5 0.89644 0.00577047 0.0595057 0.000640818 0.0313001 0.00257901 0.00376377
7 0.011211 0.958452 0.00217659 0.0026104 0.00505933 0.0119203 0.00857069
6 0.000918281 8.42234e-05 0.000369903 0.995079 0.000306769 0.00230397 0.000938031
2 0.00588841 0.00557819 0.00326403 0.0136716 0.00478452 0.957192 0.00962109
1 0.0548536 0.000830611 0.922708 0.00262621 0.0107815 0.00168799 0.00651202
5 0.902618 0.00573263 0.058248 0.00189849 0.00744998 0.00634139 0.0177118
7 0.010735 0.972192 0.00288026 0.00100132 0.00544014 0.00672887 0.00102261
6 0.00472561 0.000909834 0.00156342 0.957803 0.00225146 0.020559 0.012188
1 0.0547762 0.0010906 0.931332 0.00193644 0.00708505 0.00214609 0.00163323
2 0.0016539 0.00743882 0.00269623 0.00298109 0.0050573 0.979156 0.00101648
1 0.0548223 0.000123222 0.942587 0.000323484 0.00186712 6.35386e-05 0.000213434
3 0.0154459 0.00155763 0.00394152 0.00115693 0.00380344 0.00867921 0.965415
7 0.00234129 0.987393 0.00580467 0.000487463 0.00151933 0.00164859 0.000806001
1 0.0547829 0.000932529 0.940159 0.00053824 0.00141263 0.000664111 0.00151103
5 0.924934 0.000206119 0.0591605 0.000724989 0.0133437 0.000203052 0.00142734
4 0.0297157 0.00901437 0.0119874 0.00121792 0.938219 0.00756166 0.00228345
7 0.000359572 0.970713 0.000357656 0.00968171 0.00386198 0.0120176 0.00300858
1 0.0219288 0.00457033 0.942195 0.00368087 0.014215 0.00265693 0.0107532
2 0.00105456 0.0100843 0.00163515 0.016167 0.00346958 0.961456 0.00613321
6 0.00275949 0.006296 0.00321851 0.942718 0.00904289 0.0280581 0.00790674
4 0.00144484 0.00460515 0.00059356 0.00970599 0.967963 0.00158469 0.0141031
1 0.0231615 0.000136673 0.970598 0.000475311 0.00373516 0.000168998 0.00172421
2 0.00128091 0.00589446 0.00112916 0.0245186 0.000864707 0.961789 0.00452326
5 0.926226 0.00693549 0.058952 0.000950844 0.00558627 0.000715332 0.000633852
4 0.00252014 0.00612422 0.000828436 0.00887961 0.972618 0.00754264 0.00148649
3 0.00590603 0.00613336 0.00270423 0.00265202 0.00956953 0.00371746 0.969317
7 0.000727594 0.981893 0.000887866 0.00294429 0.00244408 0.0106329 0.000470717
1 0.0550478 0.000173201 0.932348 0.000896413 0.00123809 0.00125698 0.00903986
2 0.000621137 0.00928634 0.00056005 0.035678 0.00179052 0.950869 0.00119509
6 0.00294807 0.011251 0.00280367 0.952258 0.00482413 0.0222131 0.00370239
5 0.877956 0.00605281 0.0583603 0.00334239 0.0399177 0.00455533 0.00981562
4 0.0290683 0.0122664 0.00875567 0.00504351 0.934159 0.00542814 0.00527895
1 0.0546632 0.00104488 0.936811 0.000603681 0.00407601 0.000876166 0.00192535
7 0.00153904 0.977103 0.00195815 0.004161 0.00313011 0.0109459 0.00116316
2 0.00140328 0.00756106 0.00173103 0.00194244 0.00302298 0.980416 0.00392304
1 0.054377 0.000582937 0.931541 0.000570948 0.0055522 0.00146083 0.00591506
4 0.00625109 0.00583303 0.00638112 0.0048861 0.958408 0.00510092 0.0131402
7 0.00426742 0.963261 0.0033661 0.000637597 0.00935193 0.0113504 0.00776587
6 0.00418756 0.00272846 0.00294878 0.953631 0.00511959 0.0187664 0.0126179
1 0.0499173 0.0132603 0.909998 0.0022296 0.0147749 0.00554002 0.00428008
5 0.916137 0.00702146 0.0587485 0.00109003 0.00496491 0.0051225 0.00691608
1 0.0453186 0.00386831 0.922697 0.00131578 0.0187079 0.00248519 0.00560756
4 0.0250299 0.00278285 0.0100761 0.000476821 0.957117 0.00130362 0.00321421
3 0.0155891 0.0036392 0.00540135 0.00399625 0.0104928 0.0043639 0.956517
2 0.000520439 0.00463012 0.000720066 0.0201382 0.00733908 0.959065 0.00758675
6 0.00120025 0.000542717 0.000446841 0.972233 0.000986061 0.0240584 0.000532709
1 0.0375135 0.0166315 0.918214 0.00192236 0.0130098 0.00307727 0.00963135
7 0.000950026 0.978602 0.000292013 0.00507664 0.00582664 0.00828637 0.000966418
5 0.908908 0.00100942 0.0602446 0.00156024 0.0247501 0.00198391 0.00154352
2 0.00641638 0.00858472 0.0026457 0.00594148 0.0046897 0.967974 0.00374765
4 0.0259326 0.00629164 0.00631702 0.00452725 0.933904 0.00412854 0.0188992
1 0.0550842 0.000608749 0.92407 0.00217447 0.00858409 0.0030386 0.00643953
3 0.0106807 0.00735098 0.00235922 0.00307495 0.00917539 0.00827599 0.959083
5 0.896151 0.00335428 0.0506812 0.00100429 0.046436 0.00144422 0.000929272
7 0.00117374 0.981505 0.00139328 0.00190165 0.00106602 0.0108695 0.00209057
1 0.0527789 0.00388371 0.915 0.00223396 0.0152768 0.00416164 0.00666521
2 0.000705913 0.00771545 0.000377462 0.00749341 0.00141053 0.981138 0.00115945
4 0.00551547 0.000477881 0.00102622 0.000408533 0.990383 0.000906725 0.00128192
6 0.00470998 0.00877471 0.00275069 0.944889 0.00688978 0.0288322 0.00315351
1 0.053888 0.000401623 0.938435 0.000920691 0.00571646 0.000297938 0.000339982
3 0.0044222 0.00327577 0.00168641 0.00576728 0.00224835 0.00763882 0.974961
5 0.889062 0.00998092 0.0603326 0.00277578 0.0258973 0.00505948 0.00689201
7 0.00395893 0.965125 0.000661331 0.00714572 0.00544149 0.011714 0.00595311
4 0.0364125 0.000183451 0.0116359 0.00186848 0.942335 0.000849681 0.00671497
6 0.00189869 0.000227011 0.000738053 0.983649 0.0021512 0.00562716 0.00570918
1 0.031797 0.0145979 0.929082 0.00248353 0.0165044 0.00298602 0.00254868
2 4.62847e-05 0.000108354 4.7501e-05 0.0037467 8.44181e-05 0.995327 0.000640163
3 0.00406346 0.0039291 0.00431113 0.00609483 0.0134139 0.00748647 0.960701
1 0.00787675 0.000862303 0.972694 0.00122226 0.00968609 0.00108151 0.00657704
4 0.038933 0.00716296 0.00736819 0.0030462 0.929531 0.00489709 0.0090618
5 0.883559 0.00352818 0.0320078 0.00328039 0.0452136 0.00688093 0.02553
7 0.000522331 0.981381 0.000603104 0.00804645 0.00540444 0.00347651 0.00056576
2 0.00136544 0.00761546 0.00197568 0.0365747 0.00364586 0.947404 0.00141922
1 0.0522133 0.000645597 0.921151 0.00108333 0.0157624 0.000435265 0.00870938
6 0.00462725 0.00403372 0.00298919 0.951087 0.00953223 0.0149674 0.0127631
7 0.00111388 0.975101 0.00104566 0.00654361 0.00396104 0.0110749 0.00116012
1 0.00402671 0.00237267 0.981485 0.000951573 0.00255709 0.00150521 0.00710165
4 0.0395583 0.00882675 0.00393728 0.00254896 0.932805 0.00316418 0.00915989
2 0.000720383 0.0116275 0.00074071 0.0332551 0.00274184 0.949996 0.000918902
3 0.0113256 0.00215906 0.00595494 0.000459582 0.0146042 0.00357155 0.961925
5 0.914875 0.000337313 0.0594914 0.000787607 0.021478 0.000841835 0.00218838
7 0.00536343 0.96954 0.00385137 0.00117739 0.00205731 0.0116025 0.00640801
2 0.000764318 0.0024236 0.000681521 0.0357844 0.000482066 0.957721 0.00214285
6 0.00290283 0.000322371 0.00241743 0.95537 0.00300586 0.0261921 0.00978919
1 0.0547817 4.54617e-05 0.939469 0.000585292 0.00485377 0.000120484 0.000144522
3 0.00376356 0.00335154 0.00308411 0.00229101 0.00536403 0.00798689 0.974159
5 0.93582 0.000335006 0.0152401 0.00371619 0.0321728 0.00338766 0.00932805
2 0.00299544 0.00873884 0.00131812 0.0134284 0.00627352 0.956537 0.0107082
1 0.040569 0.00252185 0.918589 0.0023318 0.0191559 0.0045738 0.0122591
4 0.0207546 0.000313763 0.0131922 0.000769273 0.961497 0.000850593 0.00262211
3 0.00886362 0.00436304 0.00784952 0.00102567 0.0104172 0.00710851 0.960372
1 0.00486304 0.00126617 0.97733 0.001117 0.00769232 0.00158217 0.00614942
5 0.917365 0.0165916 0.0129069 0.00115557 0.0382559 0.00385112 0.00987416
7 0.00576289 0.988071 0.00130509 0.000512847 0.00113442 0.00271102 0.00050227
6 0.00327241 0.00806427 0.00304614 0.94547 0.00377109 0.0280565 0.00831925
2 0.00113714 0.00400305 0.00052396 0.0342259 0.00213659 0.949155 0.0088181
1 0.145109 0.00880973 0.826699 0.00235946 0.00657739 0.00298715 0.00745799
4 0.0276068 0.00454837 0.0117925 0.00177249 0.94432 0.00355546 0.00640419
7 0.010382 0.963077 0.00525025 0.00431263 0.00668131 0.00690667 0.00338971
1 0.00854666 0.00440414 0.976434 0.00146435 0.00320905 0.00268428 0.00325723
5 0.895219 0.00352163 0.0207993 0.0072019 0.042055 0.00285896 0.0283443
7 0.0126553 0.958851 0.00261815 0.000615648 0.00812753 0.00815829 0.00897411
6 0.00496601 0.00212972 0.00306432 0.965642 0.00530462 0.00806178 0.0108319
2 0.00428489 0.000660131 0.00200668 0.00178048 0.00117327 0.98872 0.00137435
1 0.0527182 0.0002381 0.929975 0.00168629 0.0145373 0.000448911 0.000396487
4 0.0220279 0.000516878 0.00814369 0.00111179 0.961739 0.000612725 0.0058481
5 0.901263 0.0203221 0.0231334 0.00172014 0.0392781 0.00651575 0.00776747
7 0.0127713 0.965674 0.00550157 0.00165531 0.00558092 0.00536645 0.00345083
6 0.00332503 0.000487446 0.0025133 0.981482 0.00210471 0.00127313 0.00881463
2 0.00310708 0.00444722 0.00297237 0.00927888 0.000934594 0.972352 0.00690834
1 0.0550969 0.0036491 0.923129 0.00248209 0.00646601 0.00249885 0.00667807
5 0.962949 0.00105195 0.0330347 0.000363502 0.00201917 0.000175445 0.000405933
3 0.00887089 0.000347854 0.00996112 0.0021545 0.00532232 0.00856778 0.964776
1 0.0465648 0.0035126 0.921923 0.00249111 0.00830491 0.00227749 0.014926
7 0.00682575 0.960763 0.00369948 0.00469681 0.0091104 0.0117556 0.00314945
2 0.00177798 0.00943637 0.00320396 0.019993 0.00477138 0.959099 0.00171794
6 0.00501043 0.00317192 0.00270174 0.946074 0.00858288 0.029347 0.00511173
1 0.051118 0.00898916 0.910464 0.00226333 0.00982325 0.00776528 0.00957714
3 0.0118781 0.00197063 0.0110327 0.000860889 0.00676737 0.00430781 0.963182
7 0.00415656 0.967678 0.00768818 0.00296294 0.00533303 0.00743269 0.00474829
1 0.0297908 0.00243738 0.948688 0.00112258 0.00450538 0.00226543 0.0111906
4 0.0015164 0.000421089 0.000734021 0.00657714 0.975587 0.000676476 0.0144876
5 0.883801 0.00445617 0.0472877 0.00115778 0.0476667 0.00167625 0.013955
7 0.000104492 0.977494 0.000172994 0.00787207 0.00287315 0.011362 0.000120994
1 0.0260977 0.000283981 0.97123 0.000296104 0.00190287 5.89276e-05 0.000130911
2 0.00283344 0.00762625 0.00215724 0.00357703 0.00478509 0.977355 0.0016657
4 0.00747458 0.00133577 0.00761452 0.00117415 0.970526 0.000626079 0.0112491
6 0.00153538 0.00358961 0.00141338 0.956944 0.00659614 0.0290074 0.000914331
1 0.0551135 0.000869235 0.925151 0.00306591 0.00628756 0.00181904 0.00769328
2 0.00266564 0.00648295 0.00217428 0.0369126 0.00519224 0.943864 0.00270782
5 0.908469 0.0160661 0.0295532 0.00434642 0.0189024 0.0116101 0.0110525
4 0.0220799 0.0109218 0.00932935 0.00430389 0.933737 0.00743763 0.0121908
7 0.00498759 0.958138 0.00491596 0.00837636 0.00700806 0.0126822 0.003892
1 0.0225458 0.0047353 0.935089 0.00379815 0.0151817 0.00329605 0.0153542
5 0.897035 0.00821626 0.0593305 0.00282639 0.0210286 0.00358267 0.00798099
2 0.000646242 0.010078 0.00240348 0.035444 0.00357418 0.94381 0.00404431
6 0.000738101 0.00093219 0.00131174 0.961898 0.00164576 0.0288815 0.00459266
1 0.0494111 0.00315748 0.910907 0.00349456 0.00911779 0.00322097 0.0206906
4 0.00251449 0.00270393 0.00027833 0.0116688 0.970567 0.00468896 0.00757809
7 0.000239277 0.991378 0.000111941 0.00136065 0.000471954 0.00619354 0.000244581
3 0.00442299 0.0030683 0.0030528 0.00428579 0.00424443 0.00828533 0.97264
1 0.0547587 0.00477031 0.936728 0.00105573 0.000954326 0.00112572 0.000607435
2 0.00674873 0.00959099 0.00628055 0.00462903 0.00439226 0.960286 0.00807282
4 0.00299842 0.00539619 0.00247844 0.00351157 0.980049 0.000813288 0.00475259
1 0.0304054 0.000900051 0.954956 0.00132162 0.0100991 0.00142249 0.000894942
6 0.0051378 0.00273732 0.00299574 0.957534 0.00381183 0.0159034 0.0118795
7 0.00363179 0.966616 0.00457262 0.000452747 0.0104263 0.00859193 0.00570907
1 0.0548191 0.000624312 0.925917 0.00194422 0.00985184 0.00269319 0.00415035
5 0.891571 0.00361437 0.059402 0.00263595 0.0185319 0.00658225 0.0176624
4 0.0148697 0.00630901 0.00326153 0.000909404 0.970314 0.00286158 0.00147425
2 0.00495915 0.00924353 0.00199673 0.0181759 0.0105011 0.948338 0.00678519
3 0.000394621 0.000153763 0.000199527 0.00590669 0.00138856 0.00103664 0.99092
6 0.00431055 0.00898304 0.00280414 0.939584 0.00931142 0.0265242 0.00848262
1 0.0530047 0.000883671 0.921193 0.00115001 0.0146708 0.00269322 0.00640463
7 0.00469668 0.970726 0.0029786 0.00154183 0.00529638 0.00505769 0.00970264
5 0.934186 0.000113468 0.0594129 0.000551762 0.00482834 0.000419866 0.00048796
2 0.00154138 0.0124061 0.00134392 0.0301141 0.000758014 0.950721 0.00311538
1 0.0479772 0.000225728 0.944696 0.00149756 0.00404669 0.000551376 0.00100584
4 0.00818994 0.00318682 0.00154392 0.00575014 0.957035 0.00870413 0.0155897
3 0.00155004 0.000429914 0.000452626 0.00645904 0.00397051 0.0066234 0.980514
7 0.00722086 0.958981 0.0015434 0.00534205 0.010346 0.0111314 0.00543558
1 0.0268128 0.000306693 0.967243 0.000987943 0.00290966 0.000637571 0.00110192
4 0.0391064 0.00174281 0.00635525 0.0023871 0.937185 0.00348444 0.00973911
5 0.920908 0.00201849 0.0591563 0.000851467 0.0142232 0.00202429 0.000817877
2 0.0013525 0.0100779 0.00266209 0.0200465 0.00292218 0.957419 0.00552002
6 0.00282287 0.00250638 0.00264125 0.943134 0.0116756 0.0244412 0.0127789
1 0.0547808 0.00135255 0.928966 0.000953791 0.00972388 0.00286185 0.00136099
5 0.916779 0.000362775 0.0595199 0.00107607 0.0211079 0.000454057 0.00070055
3 0.0069232 0.00463887 0.00584944 0.00287094 0.00745501 0.00975009 0.962512
4 0.0149143 0.00492208 0.0032493 0.00155557 0.960598 0.010805 0.00395535
6 0.00475232 0.0016535 0.00174028 0.960529 0.00246759 0.0166454 0.0122117
1 0.0552784 0.00142481 0.922525 0.00212708 0.00274322 0.00362137 0.0122799
2 0.00553534 0.00765842 0.0025209 0.00218423 0.0044885 0.975303 0.00230928
7 0.00530322 0.972746 0.000397514 0.00476892 0.0032961 0.0111539 0.0023344
1 0.0416404 0.00433754 0.919701 0.00243025 0.0192582 0.00261236 0.01002
3 0.00545122 0.00233771 0.00574971 0.00558549 0.0152995 0.00241186 0.963165
4 0.0320257 0.00908434 0.00879726 0.000759693 0.939749 0.00252805 0.00705559
5 0.914998 0.00182587 0.0584609 0.000485056 0.0137383 0.00111394 0.0093781
7 0.000472923 0.979559 0.000999978 0.00618169 0.0080756 0.00274895 0.0019618
2 0.000432328 0.00437097 0.00039912 0.0368145 0.00438861 0.952833 0.000761613
1 0.0486593 0.00425707 0.924705 0.00196807 0.0161852 0.000916168 0.00330897
6 0.00415142 0.0044455 0.00272328 0.950312 0.00445539 0.0293035 0.00460892
7 0.000307982 0.974844 0.000119024 0.00856946 0.00273556 0.0115403 0.0018833
1 0.0547619 0.00144673 0.92722 0.00137798 0.00673543 0.00173479 0.00672324
2 0.00294213 0.00809083 0.00388564 0.000750669 0.00494938 0.97392 0.00546131
3 0.0145194 0.00242248 0.00583093 0.00242103 0.00527485 0.00992084 0.95961
4 0.0275221 0.000210463 0.00865724 0.000361768 0.960784 0.000564938 0.00189912
5 0.886062 0.000344977 0.0802136 0.00214755 0.0222343 0.000835158 0.00816211
1 0.0533335 4.40327e-05 0.9372 0.000443058 0.00824104 6.79842e-05 0.000669966
2 0.00393222 0.0046418 0.00355566 0.0147058 0.0147836 0.949456 0.00892478
7 0.00199768 0.968657 0.00252017 0.00439563 0.00614685 0.011652 0.00463032
6 0.000362199 7.19876e-05 0.000419033 0.990805 0.000664479 0.00659788 0.00107954
3 0.00730054 0.00559626 0.00694804 0.00151337 0.00511561 0.00910119 0.964425
1 0.0544211 5.55092e-05 0.939055 0.000636739 0.00555405 0.000141265 0.000135977
5 0.924765 0.000332463 0.0591197 0.00160934 0.0106994 0.000666418 0.00280804
2 0.000771424 0.0057246 0.00146122 0.00475463 0.00423344 0.974491 0.00856383
4 0.0257584 0.000261684 0.0102237 0.000376797 0.960667 0.00102226 0.00168965
2 0.00110696 0.00172544 0.000685323 0.0167348 0.000418679 0.969129 0.0101997
1 0.0116284 0.00506378 0.971411 0.00236655 0.0027009 0.00471238 0.00211678
5 0.887656 0.0164423 0.0324214 0.00404646 0.0456519 0.00521891 0.00856298
7 0.00637299 0.951565 0.00361347 0.00804871 0.00722124 0.0125485 0.0106301
6 0.00418517 0.00397559 0.00276437 0.948093 0.00418254 0.0294653 0.0073338
1 0.0530233 0.0106344 0.914841 0.00227403 0.0117236 0.00288376 0.00461954
2 0.00185702 0.0124914 0.00191081 0.0276801 0.00448663 0.946968 0.00460643
7 0.00815648 0.966785 0.0023119 0.00322357 0.00538581 0.0120061 0.00213074
4 0.0325674 0.00120531 0.0126906 0.00254016 0.94127 0.00303649 0.00669017
1 0.0089698 0.000262446 0.988495 0.000496987 0.000684928 0.000358372 0.000732074
5 0.889421 0.0123599 0.0288042 0.00209704 0.0466267 0.00375654 0.0169344
7 0.00905363 0.967931 0.00217851 0.00160564 0.00933651 0.00238099 0.00751414
6 0.00143578 0.000306178 0.000839933 0.992832 0.00105556 0.00183645 0.0016943
2 0.004647 0.00864229 0.00302677 0.0093228 0.00418851 0.960794 0.00937829
1 0.0503615 0.000421264 0.9308 0.00072164 0.0166442 0.000352719 0.000699045
5 0.924525 0.000661367 0.0593111 0.00103091 0.0125462 0.00127281 0.000652891
7 0.00957205 0.969611 0.00933329 0.00138711 0.00399848 0.00214671 0.00395115
6 0.00464735 0.00189629 0.0035915 0.969507 0.0053009 0.00461509 0.0104414
4 0.025198 0.0013854 0.0101219 0.00327301 0.955798 0.00117631 0.00304701
2 0.00572466 0.00678394 0.00237607 0.0175348 0.00350233 0.953401 0.0106767
1 0.0368933 0.000490228 0.942376 0.00198546 0.0118359 0.000659937 0.00575945
5 0.90844 0.00214172 0.0589917 0.00199381 0.0207164 0.00438203 0.00333425
3 0.0107466 0.0020365 0.0104788 0.000746418 0.0055111 0.00117663 0.969304
1 0.0269104 0.000598072 0.961743 0.000854367 0.00596433 0.000457879 0.00347241
7 0.00387947 0.977507 0.00425751 0.00180931 0.000698963 0.0110955 0.000751783
1 0.0465224 0.000242084 0.948603 0.000432056 0.00395049 0.000202577 4.77617e-05
6 0.00433456 0.00276371 0.00282318 0.948534 0.00709733 0.0293359 0.00511178
2 0.00208065 0.0120867 0.00307575 0.0274555 0.00157242 0.947919 0.00581003
3 0.00538403 0.00228585 0.00201404 0.0055302 0.00249201 0.00756458 0.974729
7 0.00333691 0.968508 0.00116448 0.0083639 0.0023439 0.011453 0.00482981
1 0.032004 3.72035e-05 0.964233 0.000646453 0.00230958 0.000119231 0.000650534
5 0.920092 0.0110287 0.0166958 0.00110154 0.0434304 0.0027508 0.00490065
4 0.0306782 0.001402 0.0116843 0.000637573 0.941248 0.00244244 0.0119075
1 0.0321651 0.00336578 0.928807 0.00400073 0.0171184 0.00265092 0.0118923
2 0.00342785 0.00904208 0.00233127 0.0189468 0.00633146 0.955068 0.00485306
7 0.00223644 0.967009 0.00236394 0.0056391 0.008152 0.0115401 0.0030598
4 0.000303003 0.00520107 0.000211266 0.0121735 0.971564 0.00792022 0.00262726
1 0.0546164 0.000321445 0.940251 0.000710789 0.00310581 0.000304919 0.000689482
2 0.000615674 0.0061088 0.000506554 0.0266388 0.00112596 0.963624 0.00137998
6 0.00247967 0.00366199 0.0027083 0.95489 0.0036547 0.0290606 0.00354486
5 0.902638 0.00312506 0.0601867 0.00161756 0.0252111 0.00208122 0.00513994
4 0.0378258 0.00343151 0.00635429 0.000296954 0.94903 0.00112506 0.00193658
1 0.0548397 0.000515272 0.942947 0.000485154 0.00075514 0.000380072 7.79186e-05
7 0.00406099 0.980589 0.00257392 0.0016511 0.00875091 0.00135294 0.00102117
5 0.88387 0.0180333 0.0554112 0.00445157 0.0242419 0.00672775 0.00726471
2 0.000687358 0.00629463 0.000457718 0.0357365 0.00192978 0.951505 0.00338947
6 0.000772761 0.00109352 0.00062246 0.971759 0.00244988 0.020708 0.00259483
1 0.0548783 0.00325321 0.922316 0.00249085 0.00679387 0.00359455 0.00667335
4 0.00262474 0.00376342 0.000456509 0.0119777 0.969128 0.00504423 0.00700536
7 0.0119202 0.96071 0.0052429 0.00128038 0.00477161 0.00960812 0.00646684
1 0.0454256 0.000335766 0.935705 0.000453666 0.0168922 0.000191064 0.000997158
3 0.00834643 0.00152435 0.0068108 0.00941024 0.00983105 0.00625422 0.957823
1 0.0234804 6.76799e-05 0.975042 0.00020081 0.00101334 0.000113327 8.26195e-05
2 0.00519127 0.00762676 0.00548692 0.000926503 0.0028942 0.969012 0.00886198
4 0.0406712 0.00417603 0.0034745 0.00268905 0.943236 0.00140577 0.00434743
6 0.00611284 0.00229179 0.00324054 0.958878 0.00333396 0.0149097 0.0112334
7 0.00608733 0.963099 0.00628276 0.00254929 0.00134966 0.0123535 0.00827849
1 0.0550444 0.00135071 0.927398 0.00225666 0.00353869 0.00257434 0.00783749
5 0.914568 0.00173755 0.0593456 0.00104034 0.0211366 0.00101147 0.00116002
4 0.0244762 0.00849849 0.00656745 0.00740411 0.929668 0.00530375 0.0180821
2 0.00172561 0.0117983 0.0012869 0.0320522 0.00696391 0.941339 0.00483453
3 0.00814632 0.000858999 0.00408614 0.00575605 0.0152073 0.00158148 0.964364
1 0.0545317 0.00161827 0.930133 0.00088916 0.0109208 0.000541507 0.00136578
7 0.00111997 0.972635 0.00213438 0.00356882 0.00124874 0.0116884 0.00760455
6 0.00074291 0.000247147 0.000883347 0.992752 0.000861749 0.00271327 0.00179943
5 0.93757 0.00027921 0.0596419 0.000261432 0.00194089 0.000138734 0.000167369
2 0.000733635 0.00826277 0.000267377 0.00672439 0.000722902 0.97909 0.00419863
1 0.0547749 9.84639e-05 0.935369 0.00129392 0.00702509 0.000571211 0.000866987
4 0.0300274 0.00410736 0.0123954 0.000635458 0.941001 0.00584623 0.00598702
3 0.00816432 0.00519315 0.00251665 0.0024554 0.011211 0.00979586 0.960664
1 0.0542375 0.000306627 0.931593 0.000989188 0.0120554 0.000533541 0.00028473
5 0.903039 0.00636328 0.059134 0.00184084 0.0204537 0.00314397 0.00602538
7 0.00244289 0.96498 0.000869668 0.00787059 0.00572319 0.0120569 0.00605647
6 0.0031076 0.00248419 0.00200572 0.957981 0.00402502 0.0194047 0.010992
4 0.0100562 0.00434147 0.00119654 0.00911689 0.947619 0.0164313 0.011239
2 0.00189383 0.00494674 0.00108319 0.0179412 0.00143338 0.962627 0.0100746
1 0.0548511 0.000271672 0.936528 0.00104361 0.00579506 0.000672795 0.000837343
3 0.000887205 0.001396 0.000290634 0.0074369 0.000550835 0.00519049 0.984248
5 0.900937 0.00747159 0.0591191 0.00136145 0.020706 0.00194453 0.00846067
1 0.0403824 0.000145295 0.95527 0.000855855 0.00236601 0.000540647 0.000440096
4 0.00611159 0.00280365 0.00153436 0.00250053 0.967852 0.008145 0.0110528
6 0.00138935 0.00154084 0.000530182 0.959662 0.00206682 0.0287534 0.00605784
2 0.000900801 0.0116765 0.000623225 0.0331514 0.00532024 0.946955 0.00137261
7 0.000673211 0.969765 0.0022124 0.00804324 0.00715195 0.00805351 0.00410062
1 0.0307267 0.00165728 0.948424 0.00127103 0.00964768 0.000889868 0.00738381
3 0.00405903 0.00267617 0.00178623 0.00625887 0.0149932 0.00385977 0.966367
5 0.89676 0.00937891 0.0367712 0.00171539 0.0472613 0.00385781 0.00425498
7 0.00528177 0.964822 0.00321067 0.00604618 0.00947165 0.00609475 0.00507346
4 0.0269426 0.00399293 0.0136366 0.000904501 0.946249 0.0021208 0.00615377
2 0.00112428 0.00398644 0.000816506 0.0426746 0.00422247 0.944525 0.00265069
1 0.0546146 0.00154904 0.93091 0.00112442 0.00548006 0.000956077 0.00536537
7 0.000637741 0.978718 0.000176274 0.00502185 0.0025852 0.0111067 0.00175461
6 0.00409976 0.00163723 0.0029101 0.947251 0.00514163 0.025769 0.0131914
1 0.0163688 6.86453e-05 0.981346 0.000588806 0.000633243 0.000253753 0.000740498
2 0.00567175 0.00137902 0.00365136 0.00649496 0.00602084 0.968428 0.00835432
3 0.0108521 0.00748065 0.00697987 0.00248362 0.00374246 0.00781958 0.960642
4 0.022313 0.000402601 0.00823492 0.000285483 0.961346 0.000679084 0.0067388
1 0.0383569 0.000327685 0.936672 0.00139628 0.017829 0.000634017 0.00478399
5 0.910554 0.0011321 0.0590377 0.00279736 0.0166649 0.00500383 0.00481037
2 0.000367894 0.00553237 0.00027194 0.0350503 0.000827246 0.955877 0.00207306
6 0.000411361 5.57739e-05 0.000534773 0.987418 0.00129101 0.00686416 0.00342474
3 0.00221905 0.00370496 0.00486306 0.00406573 0.00257701 0.00828586 0.974284
5 0.906272 0.000804744 0.059168 0.00184295 0.0209868 0.00201802 0.00890769
7 0.00433115 0.964927 0.00356781 0.00407085 0.00330835 0.0119925 0.00780242
1 0.0540478 0.000120213 0.936575 0.0016484 0.00508916 0.0010936 0.00142631
2 0.00520649 0.00901133 0.00522374 0.00361052 0.00796329 0.960242 0.00874235
4 0.0215408 0.00043611 0.00798811 0.000602119 0.955624 0.00135105 0.0124574
6 0.00443187 0.00233146 0.00278916 0.946418 0.00496823 0.0259633 0.0130985
1 0.0142023 0.00447553 0.958656 0.00279426 0.012299 0.00188784 0.00568458
5 0.901654 0.00482883 0.0292459 0.00362688 0.0446919 0.00376834 0.0121842
7 0.00073106 0.991625 0.000446053 0.00197443 0.00284882 0.0018931 0.000481204
6 0.000494456 0.000119291 0.000350452 0.992897 0.00151781 0.00214739 0.00247406
1 0.0340552 0.00557793 0.931392 0.00252511 0.017028 0.00331969 0.00610215
2 0.00385954 0.00909825 0.00147112 0.0124761 0.00361719 0.963258 0.00621966
7 0.00391084 0.968954 0.00205351 0.00305788 0.00273618 0.0116479 0.0076396
4 0.0332653 0.00598164 0.0125005 0.00169365 0.935745 0.00343063 0.00738325
1 0.0504722 0.00177645 0.923879 0.00110833 0.0165736 0.0012367 0.00495387
5 0.895009 0.0159934 0.0414755 0.00102062 0.0206833 0.00267458 0.0231438
7 0.0050222 0.965263 0.00290947 0.00414867 0.0028302 0.0121489 0.00767715
6 0.00253834 0.000424429 0.00270546 0.978676 0.00127224 0.00473903 0.00964418
2 0.00129073 0.00469494 0.000390053 0.0155421 0.000704875 0.974947 0.00243004
1 0.054863 0.000169256 0.941389 0.000901477 0.00236346 0.000228799 8.45301e-05
5 0.935088 0.00174596 0.0595192 0.000501082 0.00281713 0.000215799 0.000112396
7 0.0129514 0.96562 0.00315709 0.00175526 0.00538234 0.00488364 0.00625052
6 0.00574729 0.000776193 0.00312505 0.972916 0.00352266 0.0035574 0.0103559
1 0.0089417 0.000562078 0.975423 0.00164525 0.00730489 0.000643609 0.0054795
4 0.0357984 0.000304742 0.0111636 0.00182942 0.947042 0.000670492 0.00319159
2 0.00414868 0.00843511 0.00137238 0.00565428 0.00401368 0.970713 0.00566248
5 0.917877 0.000523214 0.0593604 0.000690363 0.0206842 0.000438427 0.000426323
3 0.0109807 0.000291823 0.0106831 0.00208222 0.0128551 0.0039642 0.959143
1 0.0250371 7.56805e-05 0.969297 0.000305767 0.00464665 0.00015152 0.000486398
7 0.00111225 0.974461 0.00240865 0.0013141 0.00791014 0.00919394 0.00359989
1 0.0349414 0.0039484 0.928311 0.00261387 0.0175638 0.0026896 0.00993219
6 0.00531234 0.00500605 0.00388012 0.945532 0.00593736 0.0295001 0.00483186
7 0.00554209 0.969241 0.00291705 0.00475981 0.0050922 0.0114381 0.0010101
1 0.0227121 0.0063479 0.932526 0.00574191 0.0161581 0.00389132 0.0126229
2 0.00105779 0.0075383 0.000644126 0.00494418 0.00300947 0.981019 0.0017871
4 0.000287964 4.8734e-05 8.33206e-05 0.00428938 0.980899 0.000844881 0.0135471
1 0.00997334 0.00474332 0.961477 0.00338859 0.0117624 0.00258589 0.00606909
3 0.00423329 0.0028582 0.00328564 0.00316495 0.0145532 0.00283111 0.969074
5 0.87393 0.0120129 0.0582326 0.00321136 0.0356242 0.00642402 0.0105646
2 0.00078072 0.00424106 0.000522095 0.0195228 0.000804531 0.97145 0.00267923
4 0.00828057 0.00770716 0.00394526 0.00705742 0.961019 0.00341009 0.00858042
7 0.0004435 0.982058 0.000620916 0.00500554 0.000906352 0.0107438 0.000221921
1 0.0546414 0.000948443 0.935115 0.000488513 0.00418148 0.00100709 0.00361841
5 0.900377 0.000889408 0.0606231 0.00117058 0.0331211 0.00106009 0.00275848
2 0.00112861 0.00531569 0.00223531 0.0368801 0.00373041 0.947332 0.00337831
6 0.0017027 0.00266535 0.00238464 0.955594 0.000655311 0.0279279 0.00907031
4 0.0160011 0.00869876 0.00485312 0.00340384 0.95131 0.00838458 0.00734817
1 0.0547179 0.000578784 0.937294 0.000687877 0.00554726 0.000456392 0.00071753
7 0.00115409 0.993023 0.00368155 0.000274637 0.000536497 0.00111853 0.000211511
2 0.000336083 0.00482524 0.000516632 0.036842 0.00397969 0.95071 0.0027899
6 0.000449909 0.000565494 0.000228216 0.966504 0.000913416 0.0287694 0.00256942
1 0.0547112 0.00140557 0.937907 0.00104359 0.00253995 0.00110576 0.00128699
5 0.905876 0.0130899 0.058806 0.00106893 0.0148519 0.00420467 0.00210241
4 0.00434686 0.00595807 0.00493473 0.000313703 0.983716 0.000374607 0.00035606
7 0.00700807 0.969872 0.00316327 0.000618392 0.00959142 0.00467677 0.00507026
1 0.0169819 0.000306315 0.980047 0.000274579 0.00168915 0.000441519 0.000259539
1 0.0537834 0.0010792 0.928604 0.00159252 0.0127823 0.000712246 0.00144595
4 0.0387444 0.00324624 0.00912396 0.000204622 0.947522 0.000496463 0.000661777
2 0.00496829 0.00839965 0.00343965 0.00333761 0.00317989 0.970258 0.0064173
3 0.0092204 0.00355282 0.00351503 0.00134693 0.0151509 0.00249986 0.964714
6 0.00296671 0.00337249 0.00183683 0.951247 0.0110939 0.0219589 0.00752454
1 0.0514194 0.000676298 0.929524 0.000698194 0.0158239 0.000372896 0.00148562
7 0.00405896 0.958074 0.00291203 0.00604012 0.0102954 0.0107398 0.00787972
5 0.898848 0.00140259 0.0595929 0.000785718 0.0375215 0.00104999 0.00079952
2 0.00202146 0.0072443 0.000678789 0.0337132 0.00583728 0.941225 0.00927949
4 0.0399146 0.00262946 0.00494663 0.000744862 0.939792 0.00208153 0.00989115
1 0.0434431 0.000730152 0.943988 0.00102132 0.00897597 0.000922604 0.000918679
3 0.00590366 0.00287012 0.000832102 0.00853358 0.0057933 0.00678574 0.969281
5 0.877355 0.00627994 0.0516692 0.00318383 0.0220123 0.00993199 0.029568
7 0.00252463 0.972379 0.00092094 0.0039208 0.00290351 0.0112866 0.00606449
2 0.000672861 0.00811612 0.000252289 0.00943887 0.000955611 0.979877 0.000687446
1 0.0549089 0.00937263 0.915261 0.00227869 0.00817799 0.00406489 0.00593565
4 0.0376278 0.00734441 0.00853914 0.00115111 0.927488 0.00734765 0.0105018
6 0.00423914 0.00275342 0.00282465 0.962757 0.0019372 0.013756 0.0117325
3 0.0119284 0.00420078 0.00383202 0.00165359 0.0152093 0.00579728 0.957379
1 0.141631 0.000313657 0.84618 0.00191969 0.00765762 0.00156834 0.00072959
5 0.905823 0.00505719 0.0592631 0.00275029 0.021142 0.0035917 0.00237275
2 0.000117509 0.00750262 0.00012253 0.00427793 0.000615825 0.986244 0.00111942
7 0.000234718 0.972659 0.000102868 0.00781351 0.00315143 0.011254 0.00478441
6 0.000963927 0.000432153 0.00063887 0.964992 0.00502982 0.0163348 0.011608
4 0.0408725 0.000301953 0.00437268 0.00212711 0.942569 0.00545743 0.00429984
1 0.050415 0.001032 0.923726 0.00260961 0.0167957 0.00285814 0.00256388
3 0.00432977 0.00328698 0.00205453 0.00828476 0.0125859 0.00617501 0.963283
1 0.0548421 0.00334684 0.934778 0.001083 0.00186748 0.00211512 0.00196766
5 0.90115 0.00885658 0.0591095 0.0011287 0.0198297 0.00164869 0.00827702
4 0.0340865 0.00581082 0.0122936 0.00252388 0.922733 0.0106727 0.0118799
2 0.000774486 0.0125189 0.000922193 0.0302158 0.0045815 0.949515 0.00147191
7 0.000542979 0.96675 0.000504886 0.00926976 0.00649414 0.0124068 0.00403134
6 0.00123413 0.002964 0.000844919 0.957623 0.00422617 0.0289821 0.00412564
1 0.0330148 0.00279765 0.938525 0.00232877 0.00952134 0.00326378 0.0105487
3 0.00128243 0.000545782 0.0036773 0.00436915 0.0145212 0.000976345 0.974628
7 0.000631089 0.987186 0.00109036 0.00580558 0.00182225 0.00236585 0.00109882
4 0.00107863 0.00184582 0.000878345 0.0110178 0.972603 0.00271133 0.009865
2 0.00171255 0.00601354 0.00203528 0.0368495 0.00443307 0.94583 0.00312645
1 0.0144602 0.00137523 0.965968 0.00122858 0.0126317 0.000616987 0.00371921
5 0.878508 0.00981809 0.0352007 0.00332687 0.0469493 0.0059826 0.0202147
7 0.00918414 0.965058 0.00817281 0.000473475 0.0085649 0.00319317 0.00535363
6 0.00383198 0.000404635 0.00296624 0.955097 0.00241578 0.0225117 0.0127728
1 0.0543085 0.000199157 0.935672 0.00237366 0.00454629 0.00141904 0.00148144
2 0.00359018 0.00374751 0.00195113 0.00339294 0.0047591 0.974377 0.0081823
3 0.00232023 0.000826042 0.00230274 0.00213437 0.00482383 0.00206096 0.985532
5 0.939703 0.000374548 0.0537742 0.00161297 0.00304003 0.000762376 0.000732991
1 0.0541484 7.89077e-05 0.931917 0.00104965 0.0123487 0.000214376 0.000242878
4 0.0208953 0.000259831 0.00705338 0.000443699 0.964711 0.000356215 0.00628009
2 0.000768521 0.00534337 0.00107631 0.0235444 0.00229064 0.955994 0.0109827
6 0.00406865 0.000634249 0.00304967 0.972774 0.00413174 0.0051603 0.0101813
3 0.00724873 0.00106711 0.00152601 0.00279389 0.000838862 0.00818172 0.978344
5 0.497329 0.000115224 0.479346 0.00101581 0.0155363 0.000529722 0.00612722
2 0.00601079 0.00284946 0.00180239 0.0152128 0.00405362 0.959666 0.0104047
1 0.016988 9.6959e-05 0.975863 0.00154002 0.00470483 0.000426189 0.000381214
6 0.00156915 0.000231345 0.000533133 0.965415 0.00131201 0.0287199 0.00221957
1 0.0140735 9.57145e-05 0.975527 0.00120625 0.00774423 0.000693035 0.000660135
1 0.0138353 3.54769e-05 0.974825 0.000509281 0.00985912 0.000253361 0.000682182
