labels 4 5 2 7 1 6 3
4 0.947347 0.0238869 0.00230508 0.00692895 0.0125283 0.00201568 0.00498783
5 0.0346821 0.908096 0.00244537 0.00455189 0.0186575 0.00701666 0.0245509
2 0.00345086 0.0054772 0.9736 0.00973478 0.00194414 0.00184014 0.0039525
7 0.00484482 0.013896 0.0133186 0.959582 0.0025689 0.00147995 0.0043099
1 0.0214578 0.0448289 0.00097858 0.00296991 0.925657 0.000869038 0.00323871
1 0.00564569 0.0177004 0.000197468 9.684e-05 0.974605 0.00140574 0.000348509
4 0.961149 0.0246932 0.000355624 0.000533687 0.0123134 0.000149165 0.000805815
4 0.947765 0.0333481 0.0012826 0.00249828 0.0125169 0.000990204 0.00159863
5 0.0474088 0.901638 0.00298527 0.00889646 0.0278741 0.00186964 0.00932781
2 0.00279271 0.00713553 0.97143 0.0102177 0.00371679 0.000436189 0.00427106
7 0.00684009 0.0156416 0.0114538 0.954959 0.00277851 0.000794183 0.00753272
6 0.00559521 0.00510697 0.00643907 0.00228679 0.00314224 0.963786 0.0136442
1 0.00167429 0.0249617 0.000702137 0.000268063 0.97022 0.000936948 0.00123719
5 0.0280706 0.893365 0.00379409 0.0151747 0.0405158 0.000970805 0.0181085
2 0.00146772 0.00482018 0.9899 0.000839418 0.00123998 0.000758212 0.000974815
7 0.00781339 0.0133082 0.00233907 0.965153 0.00301508 0.00161794 0.00675302
6 0.00172805 0.00168512 0.00119543 0.000414196 0.000802257 0.991614 0.00256116
1 0.019014 0.0471523 0.000318119 0.000327972 0.931949 0.00108409 0.000154747
5 0.0460799 0.893831 0.0028656 0.0129196 0.0407589 0.00103094 0.00251404
2 0.00351136 0.00471442 0.968827 0.0083497 0.00234629 0.00464392 0.0076074
7 0.00179066 0.00363578 0.0123817 0.970259 0.00142805 0.00407699 0.00642738
6 0.00143437 0.00294946 0.00252782 0.000399292 0.00232606 0.977707 0.012656
1 0.015587 0.0486449 0.000307814 0.00110485 0.933584 0.000518846 0.000252091
5 0.00341111 0.9796 0.00334899 0.00815051 0.00296262 0.00144962 0.00107702
2 0.00042051 0.00063712 0.98652 0.0027895 0.000173628 0.00751248 0.00194628
7 0.00473147 0.0146119 0.0130247 0.951193 0.00227792 0.00341196 0.0107489
6 0.00046385 0.000936022 0.000841898 9.87633e-05 0.000369796 0.995054 0.00223596
6 0.00756923 0.00365886 0.00326167 0.000505455 0.00188777 0.977033 0.00608406
1 0.00534192 0.0486787 0.000237921 0.000349607 0.944512 0.000815672 6.40191e-05
4 0.962475 0.0207177 0.000388995 0.00166256 0.0103319 0.000507656 0.00391624
5 0.0306541 0.909005 0.00499647 0.0241943 0.0220323 0.00199877 0.00711948
5 0.0203458 0.915244 0.00143901 0.00418072 0.0572221 0.00101972 0.000548907
2 0.00392913 0.00519855 0.971981 0.00316883 0.00272017 0.00600407 0.00699787
7 0.00634605 0.0154451 0.00109311 0.963205 0.00686633 0.00135701 0.00568704
1 0.0122127 0.0489867 0.00130979 0.00339496 0.928088 0.00191957 0.00408792
5 0.00285291 0.936372 0.000154266 0.00218838 0.0578585 0.00052545 4.88906e-05
2 0.000827275 0.00509755 0.981284 0.00113442 0.00244263 0.00263338 0.00658086
7 0.00588072 0.0190472 0.00753767 0.956533 0.00576573 0.00250462 0.00273094
6 0.00244886 0.00380948 0.000803288 0.000504763 0.00225281 0.984352 0.00582881
1 0.00147999 0.0489079 0.000346338 0.000324984 0.947299 0.000992956 0.000648482
5 0.0112141 0.901304 0.00651528 0.00715891 0.0525502 0.00241701 0.0188407
2 0.000334656 0.00124772 0.98769 0.00181185 0.00145885 0.00314545 0.00431188
7 0.00348752 0.013591 0.00281815 0.963379 0.0107531 0.00326573 0.00270588
6 0.00752442 0.00503025 0.00328351 0.00219499 0.00382829 0.967088 0.0110508
1 0.0104222 0.0488419 0.00235614 0.00317452 0.92843 0.0021828 0.00459226
4 0.952639 0.027758 0.000353733 0.00141982 0.0134725 0.00170562 0.00265117
5 0.00122443 0.993016 0.000285909 0.000482776 0.00464871 0.000250496 9.12651e-05
2 0.00368862 0.00547164 0.967024 0.00628137 0.00193621 0.00789547 0.00770229
7 0.00474985 0.0187362 0.00503167 0.959542 0.00364591 0.00231889 0.005975
6 0.00702739 0.00604287 0.00351465 0.00113143 0.00326335 0.965319 0.0137014
1 0.0121517 0.0162732 0.00046711 0.000610153 0.967228 0.000930551 0.00233972
1 0.00222752 0.00310561 0.000358029 0.000595902 0.990506 0.000792687 0.00241379
4 0.948937 0.0348442 0.00032647 0.00064716 0.0122605 0.000641222 0.00234314
5 0.00194216 0.934363 0.000386419 0.00454034 0.0576909 0.0004872 0.000590027
2 0.00231545 0.00308334 0.976544 0.00981099 0.00062905 0.00249216 0.00512526
7 0.00592206 0.0136869 0.0048866 0.971622 0.00193749 0.000944762 0.000999928
6 0.00291351 0.00426503 0.00415553 0.000613429 0.00119341 0.978374 0.00848512
1 0.00881234 0.0487299 0.00264121 0.00344092 0.933174 0.00167308 0.00152862
3 0.00178175 0.0107599 0.00130744 0.00179074 0.00902966 0.000814456 0.974516
5 0.0217416 0.910577 0.00371439 0.00278646 0.0575251 0.00211467 0.00154084
7 0.00262748 0.00136418 0.011663 0.975954 0.00170143 0.00311315 0.00357697
1 0.000697113 0.00554725 0.000202082 0.00236583 0.988426 0.000496284 0.00226559
3 0.00244909 0.0105192 0.00617317 0.000392194 0.00764627 0.00259983 0.97022
3 0.00234285 0.0150196 0.00117031 0.00202774 0.00986853 0.00114522 0.968426
2 0.00365194 0.00152363 0.982118 0.00937109 0.0019399 0.00101453 0.000381101
1 0.0107821 0.0426388 0.00218425 0.0040729 0.92774 0.00224267 0.0103388
5 0.0221152 0.917826 0.000319062 0.000829097 0.0579332 0.00068966 0.000287327
2 0.00161314 0.000583034 0.993636 0.00268252 0.000381166 0.00091892 0.000185459
7 0.00746787 0.00814864 0.00626344 0.968756 0.00340129 0.00284614 0.003117
1 0.00578086 0.0153168 0.0004392 0.000616248 0.974739 0.000809952 0.00229828
3 0.00556911 0.0140527 0.00324166 0.000400675 0.00919355 0.00292733 0.964615
2 0.00302886 0.00157527 0.97374 0.0100069 0.0018572 0.00918102 0.000610957
7 0.00140417 0.00650629 0.0120682 0.971009 0.0041606 0.00352644 0.00132499
6 0.00740354 0.00669349 0.00899315 0.00376042 0.00265603 0.967835 0.00265819
1 0.0021496 0.0178779 0.000157046 8.55894e-05 0.979087 0.000296906 0.000346251
1 0.000509573 0.0489437 7.12693e-05 0.000247641 0.949661 0.000344724 0.00022232
3 0.00232025 0.0137717 0.00727471 0.00221161 0.00386043 0.000956726 0.969605
7 0.00445928 0.00202881 0.0119512 0.973777 0.00301351 0.00243073 0.00233972
6 0.00768021 0.00453361 0.00876061 0.00332655 0.00256187 0.967013 0.00612415
1 0.00223604 0.0487225 7.41759e-05 0.000222299 0.948164 0.000526593 5.4083e-05
1 0.0137345 0.0467223 0.00735265 0.00959566 0.914785 0.00202521 0.00578476
3 0.00259234 0.0125761 0.000196212 0.000173897 0.00945511 0.000849613 0.974157
7 0.000962132 0.00271592 0.00120534 0.990303 0.00377713 0.000335658 0.000701097
1 0.00200634 0.0417316 0.000181467 0.000949214 0.954682 0.000415292 3.37948e-05
7 0.00217837 0.00564107 0.0028405 0.981177 0.00329335 0.00291829 0.00195104
6 0.00651617 0.00503871 0.00850383 0.00372129 0.00281481 0.967681 0.00572439
1 0.0229052 0.0317367 0.00251072 0.00378154 0.931051 0.00230836 0.00570641
1 0.00141562 0.0486854 0.000809822 0.00123063 0.946703 0.00068956 0.000465494
3 0.00395774 0.0145436 0.00269011 0.00168193 0.0098779 0.000990645 0.966258
5 0.0084133 0.932111 0.000109907 0.000276673 0.0577927 0.000789304 0.000506853
5 0.0223232 0.908812 0.00156906 0.00138529 0.0578657 0.00176467 0.00627977
2 0.00186821 0.00153319 0.96987 0.00997414 0.00151711 0.0127702 0.00246762
7 0.00388032 0.00928527 0.00634014 0.965726 0.00761686 0.00394541 0.00320604
6 0.00642128 0.00560087 0.00951064 0.00448776 0.00343937 0.9647 0.00584046
1 0.00351694 0.0484239 0.00188848 0.00208475 0.938015 0.00140761 0.00466374
3 0.00130146 0.00428229 0.00546919 0.00107402 0.00163801 0.00597786 0.980257
7 0.00234319 0.00449314 0.0120888 0.966934 0.0010807 0.0076048 0.00545495
1 0.0051384 0.0357334 0.00282476 0.0042998 0.943216 0.000931827 0.00785585
4 0.947846 0.0301867 0.00520112 0.00752094 0.00707412 0.000980377 0.0011909
7 0.00452814 0.00716321 0.0121719 0.969856 0.00140879 0.00416866 0.000703646
1 0.00399744 0.0482801 0.000153125 0.000173003 0.945968 0.000615389 0.000813107
4 0.97374 0.00500924 0.00315119 0.000596893 0.000529986 0.0118338 0.00513921
7 0.00376922 0.000339209 0.0124414 0.970919 0.000296473 0.00953725 0.00269778
1 0.0208532 0.016099 0.00355745 0.0054819 0.941855 0.00366453 0.0084886
4 0.985051 0.000722449 0.000645975 0.000311557 0.00176131 0.00276899 0.00873836
5 0.0490437 0.898177 0.00105924 0.00345127 0.0378581 0.0010033 0.00940717
2 0.00366958 0.000901237 0.983713 0.00936291 0.000502271 0.00100029 0.000850562
7 0.00482957 0.00473831 0.0129088 0.959284 0.00131574 0.00980882 0.00711526
1 0.0188668 0.00979289 0.00279693 0.00477305 0.955988 0.0030599 0.004722
5 0.0451784 0.929146 0.00117758 0.014838 0.00738357 0.000847006 0.0014296
7 0.00235928 0.00018918 0.0116851 0.977883 0.000156407 0.00757195 0.00015509
1 0.0209997 0.0241226 0.00268685 0.00272811 0.931578 0.00547297 0.0124118
1 0.00176122 0.0184758 4.86284e-05 0.000122679 0.979291 0.000254809 4.55509e-05
4 0.941693 0.0304915 0.00320458 0.00260556 0.0123148 0.000556133 0.00913485
2 0.00307367 0.00088934 0.977664 0.00968856 0.00119143 0.00356035 0.0039327
6 0.0103361 0.00324202 0.0100181 0.00489719 0.00324147 0.959056 0.00920926
1 0.0231022 0.0295458 0.00246827 0.00200964 0.929795 0.00363245 0.00944634
4 0.987789 0.000156562 0.000296208 3.28172e-05 0.000180296 0.00309196 0.00845308
4 0.97679 0.000567355 0.000759434 0.00312777 0.000662351 0.00885826 0.00923471
2 0.00495657 0.00214667 0.969798 0.00785451 0.00164501 0.00948778 0.00411119
6 0.0137087 0.00419237 0.00505122 0.00769377 0.00284486 0.962167 0.0043425
1 0.0182721 0.005081 0.00251128 0.00380582 0.96297 0.00289599 0.00446418
4 0.988624 0.0030494 0.000563302 0.000264968 0.00162701 0.000646212 0.00522493
3 0.00616859 0.00477268 0.00196001 0.00339209 0.00341745 0.00361854 0.976671
5 0.0351255 0.879514 0.00445813 0.0243518 0.0465576 0.00256244 0.0074301
2 0.00417824 0.00292142 0.978159 0.00953513 0.00168604 0.00142494 0.0020956
4 0.977022 0.0064034 0.000567463 0.00170575 0.00878316 0.000764032 0.0047543
2 0.00498666 0.00344361 0.966596 0.0104282 0.00152044 0.0101626 0.00286213
7 0.00633462 0.00159353 0.0117488 0.970405 0.00224475 0.00585423 0.00181911
1 0.00789441 0.0241476 0.000219229 0.000284913 0.965746 0.000341632 0.00136574
2 0.000389429 0.000503771 0.990332 0.0014555 0.000303122 0.00664585 0.00037008
6 0.00672381 0.00157754 0.0085621 0.0025875 0.000747796 0.978522 0.0012789
1 0.0073465 0.00883491 0.000571259 0.000354632 0.969483 0.00210759 0.0113019
4 0.978994 0.000156085 0.00475077 0.00289745 0.000191269 0.0115745 0.00143626
2 0.000411212 0.000677516 0.991907 0.00242551 0.000664827 0.00224695 0.00166671
1 0.0125638 0.048647 0.00258219 0.00110571 0.924118 0.00282258 0.00816084
5 0.0172547 0.908329 0.000816652 0.0168259 0.0549383 0.00116511 0.000670452
2 0.00182327 0.00102297 0.983783 0.00952537 0.000257923 0.00337409 0.00021356
1 0.00340846 0.0487486 0.000377765 0.00140285 0.945198 0.000560426 0.000303741
4 0.980061 0.00149846 0.00180453 0.00406333 0.00369222 0.00317468 0.00570541
4 0.983414 0.000467317 0.00479256 0.00381955 0.000620659 0.00627428 0.000611813
2 0.00409864 0.00252537 0.96521 0.00739052 0.00187336 0.0170369 0.00186515
7 0.000400085 0.000280547 0.00426765 0.992104 0.000315254 0.00253016 0.000102571
1 0.00972502 0.0489008 0.000871653 0.00104046 0.936892 0.000318485 0.00225111
3 0.00372183 0.0059311 0.00250997 0.00555235 0.00230382 0.00104276 0.978938
5 0.0268215 0.898401 0.00321222 0.0109602 0.058293 0.00130646 0.00100543
2 0.000712732 0.000431081 0.978104 0.00515913 0.000387912 0.0148039 0.000401174
7 0.00324434 0.00149415 0.0110531 0.976036 0.0015706 0.00554689 0.00105472
6 0.00431489 0.00301552 0.00852318 0.00368169 0.00274789 0.972746 0.00497099
1 0.000472505 0.0488184 0.00160077 0.000155299 0.940979 0.00090128 0.00707276
4 0.946852 0.0358425 0.0053748 0.00611296 0.00371641 0.0015405 0.000560977
5 0.0278096 0.8961 0.0090322 0.0247603 0.0304532 0.0034459 0.00839845
7 0.000964593 0.000300804 0.011572 0.979176 0.000125279 0.00771586 0.00014525
1 0.0016372 0.048777 0.00168847 0.000483514 0.945784 0.000490611 0.00113956
4 0.945969 0.0189521 0.00618871 0.00771773 0.0100077 0.00427483 0.00688954
5 0.0274181 0.895503 0.00240761 0.00775481 0.0588789 0.00203532 0.00600197
5 0.0304616 0.90136 0.00202925 0.00282575 0.059106 0.00135914 0.00285818
2 0.00354826 0.00101161 0.967042 0.00679536 0.00182723 0.0169167 0.0028588
7 0.00645583 0.00701304 0.0137624 0.954896 0.00333348 0.0105462 0.00399277
6 0.00130348 0.00192067 0.00879701 0.00243585 0.00196168 0.976837 0.00674426
1 0.0220841 0.030011 0.00309908 0.00490668 0.921618 0.00378115 0.0145004
4 0.953471 0.0359177 0.000895729 0.0020906 0.00590882 0.000368427 0.00134744
2 0.00124034 0.000402021 0.97106 0.00788663 0.000478055 0.0165494 0.00238312
6 0.00553712 0.00305312 0.00681227 0.00787707 0.00263278 0.969132 0.00495557
1 0.00183028 0.0488464 0.000340132 0.000361463 0.948031 0.000517804 7.32682e-05
4 0.967587 0.00953063 0.00555225 0.00524344 0.00491768 0.00272566 0.00444375
3 0.00712646 0.00268119 0.00185955 0.0021209 0.000923671 0.00923813 0.97605
5 0.0400675 0.880892 0.00362507 0.00885568 0.05636 0.00267634 0.00752307
2 0.00295824 0.00279284 0.964294 0.00466323 0.00168539 0.0157116 0.00789443
7 0.00643226 0.00758502 0.00347998 0.973739 0.00300933 0.00409602 0.00165795
1 0.00896803 0.0487277 0.00045975 0.000638269 0.939898 0.000560377 0.000747841
4 0.94312 0.0256878 0.00417642 0.00967906 0.00941476 0.00490623 0.00301565
5 0.0472019 0.887352 0.00107055 0.00746474 0.0498071 0.0031422 0.00396136
7 0.000284126 0.000980138 0.000542914 0.996197 0.00171021 0.000208855 7.6841e-05
6 0.00342851 0.00434986 0.00871733 0.00418411 0.00263139 0.971805 0.00488359
1 0.0092919 0.048561 0.000984401 0.00398635 0.935752 0.000479051 0.000945253
5 0.0226744 0.89955 0.00286489 0.0093244 0.0578211 0.00242164 0.00534404
2 0.00331535 0.000681585 0.964975 0.00934809 0.00198267 0.0164878 0.00320975
7 0.00441696 0.00347914 0.0119965 0.970192 0.00289441 0.00576583 0.00125479
6 0.0013084 0.00102908 0.00874288 0.000864884 0.000930581 0.980858 0.00626595
1 0.0234816 0.0405712 0.00213821 0.00495881 0.918177 0.00209653 0.00857613
1 0.00839143 0.0412817 0.00343236 0.00315264 0.923406 0.00325664 0.0170794
4 0.956246 0.0163203 0.00688298 0.00618034 0.00325801 0.00456854 0.00654424
5 0.0355521 0.881796 0.00433453 0.0159743 0.0543 0.00316026 0.00488271
2 0.00184358 0.00070403 0.968504 0.00816822 0.000494455 0.0167414 0.00354428
7 0.000353338 0.000625226 0.00181006 0.995519 0.00054944 0.00085371 0.000289713
6 0.00274653 0.00110383 0.00737945 0.00114586 0.000734261 0.97798 0.00891039
1 0.00475059 0.0485669 0.00337995 0.00368661 0.933724 0.00209435 0.00379749
4 0.977535 0.00121681 0.00327825 0.001551 0.000518201 0.0112818 0.0046185
4 0.975736 0.00158818 0.00378834 0.00236937 0.00081598 0.0114467 0.0042559
2 0.00391598 0.000277474 0.970212 0.006862 0.000535656 0.0168863 0.00131075
7 0.000210093 0.000309358 0.00175004 0.996537 0.000115039 0.000896243 0.00018217
6 0.0016155 0.000752734 0.00806084 0.000695213 0.000257576 0.986398 0.00222027
1 0.00395314 0.0487344 0.00150319 0.00171558 0.942738 0.000743266 0.000612169
5 0.016826 0.900581 0.00338166 0.0203141 0.0565557 0.00109608 0.00124567
2 0.00422558 0.000866201 0.981102 0.00938806 0.000954531 0.000930963 0.00253292
7 0.00682036 0.0148415 0.00825253 0.957708 0.00492807 0.00139069 0.00605897
1 0.0103085 0.0482185 0.00113729 0.000846643 0.934997 0.00039414 0.00409835
4 0.986792 0.00226597 0.000335968 0.00408713 0.00614415 0.000272251 0.000102304
3 0.00226378 0.00452523 0.00569427 0.0035861 0.00245995 0.00515726 0.976313
7 0.00742275 0.00809526 0.00797964 0.968179 0.00356075 0.000784743 0.00397754
1 0.0231959 0.0334872 0.00235897 0.00426722 0.934387 0.0010901 0.00121401
1 0.00353091 0.0487021 0.0011909 0.00449246 0.940689 0.000819286 0.000575772
1 0.0218166 0.0282622 0.000312289 0.000770625 0.948318 0.000213949 0.000306306
4 0.965767 0.00773245 0.00368728 0.00422449 0.00634347 0.00459929 0.0076462
2 0.00516119 0.00524019 0.969216 0.0101286 0.00280378 0.00260299 0.00484735
7 0.00689005 0.00640788 0.0123913 0.964343 0.0032558 0.00137122 0.00534122
6 0.00489496 0.00415218 0.00800769 0.00253575 0.00265666 0.964487 0.0132661
1 0.00178067 0.0305569 0.000677148 0.000821328 0.9658 0.000219154 0.000144926
4 0.948211 0.0271402 0.00143961 0.00711383 0.0134364 0.00216186 0.000497371
2 0.00410618 0.0109737 0.962207 0.00913749 0.00503119 0.0022991 0.00624526
1 0.0127323 0.046478 0.00524917 0.0133708 0.917684 0.00198948 0.00249663
6 0.00527562 0.00481652 0.0100157 0.00223434 0.00264098 0.964975 0.0100416
1 0.00514654 0.0334346 0.000924837 0.00215237 0.958017 0.000130539 0.000193929
4 0.994953 0.00128502 8.2691e-05 0.00146827 0.000709447 0.000835223 0.000666845
3 0.00610423 0.00863621 0.00402747 0.00164624 0.00515115 0.011483 0.962952
5 0.00514586 0.916466 0.00268795 0.01884 0.0541213 0.000901257 0.00183784
7 0.00427805 0.0181261 0.00419096 0.961235 0.00817052 0.00110108 0.00289841
1 0.0151113 0.0474899 0.00167215 0.00425606 0.93011 0.000830456 0.000530039
1 0.00234703 0.0487591 0.000173113 0.000421094 0.948091 0.000169316 3.89798e-05
1 0.018893 0.0472116 0.0010515 0.00296688 0.928222 0.000853798 0.000801552
2 0.00277595 0.00659494 0.96948 0.00968389 0.00366129 0.000413765 0.00739024
6 0.00361374 0.00509756 0.0044608 0.00184215 0.00270977 0.97453 0.00774553
4 0.948322 0.0386361 0.000870952 0.00324092 0.00419392 0.00221989 0.00251601
6 0.00184852 0.0055984 0.00412238 0.00204155 0.00306088 0.970153 0.0131756
1 0.02311 0.0417864 0.00214862 0.00388248 0.926342 0.000524657 0.00220553
4 0.948001 0.0357161 0.000210624 0.00367521 0.0118956 0.000140891 0.00036066
2 0.00309588 0.00506715 0.972965 0.00997128 0.00277548 0.00126423 0.00486111
1 0.00209661 0.0488233 0.00205802 0.000355056 0.942367 0.000483565 0.0038167
4 0.961531 0.0229447 0.000485783 0.00125439 0.0116184 0.000347637 0.00181798
3 0.0066923 0.00785043 0.00175655 0.00342832 0.00333628 0.00136968 0.975566
3 0.00683588 0.0101688 0.00251456 0.00402815 0.00595456 0.00433743 0.966161
5 0.00246714 0.980244 0.000200479 0.00109976 0.0153956 0.000370581 0.000222023
2 0.00733648 0.000369474 0.97272 0.00351468 0.000599369 0.00953663 0.00592295
7 0.00768773 0.00513325 0.00651034 0.971176 0.00384671 0.000743175 0.00490309
1 0.0121801 0.0490393 0.00264739 0.000590185 0.930157 0.00194574 0.00344
4 0.979458 0.00323428 0.00398154 0.00356582 0.00122316 0.00356993 0.00496739
3 0.00221597 0.0145837 0.00656498 0.000701253 0.000661739 0.00215319 0.973119
5 0.0217545 0.895383 0.00639117 0.00424886 0.057288 0.0025853 0.0123491
2 0.00342891 0.00148222 0.969128 0.00591478 0.00126108 0.0138001 0.00498473
7 0.00240053 0.00963497 0.0133956 0.960612 0.00549509 0.00130637 0.00715563
6 0.0126153 0.00328238 0.00891436 0.0034092 0.00194817 0.967689 0.00214209
1 0.00533556 0.0487375 0.00250109 0.0022683 0.93381 0.0019954 0.00535217
4 0.988755 0.00735183 0.000348936 0.00156149 0.00129103 0.000245891 0.000445789
5 0.0150563 0.924045 0.000419984 0.00173245 0.057694 0.000692515 0.000359436
2 0.00879191 0.00398084 0.971881 0.00560575 0.00138992 0.00544455 0.00290574
6 0.00224034 0.00113941 0.0033895 0.00111416 0.00036005 0.99131 0.000446186
1 0.0162392 0.0350112 0.00043253 0.000542412 0.946756 0.000557849 0.00046037
4 0.936442 0.0232629 0.00437715 0.00756565 0.005214 0.00950728 0.0136306
3 0.00124443 0.000500901 0.000747756 0.000182483 0.000347198 0.00742521 0.989552
2 0.00548325 0.000970624 0.965668 0.0108395 0.00100259 0.0138666 0.00216962
7 0.0082457 0.00577164 0.0125953 0.956497 0.00299529 0.00749051 0.00640489
6 0.012307 0.00302789 0.00142881 0.000837611 0.00292424 0.972393 0.00708168
1 0.0158179 0.0318137 0.00313258 0.0162109 0.922251 0.00188576 0.00888845
1 0.00389108 0.0487194 0.000131573 0.00011945 0.946357 0.00045424 0.000327633
5 0.0433521 0.898453 0.000635794 0.0012086 0.0552958 0.000710366 0.000344432
2 0.0048652 0.000882068 0.969785 0.0027378 0.000631116 0.0146739 0.00642465
7 0.00515278 0.000939057 0.0110001 0.975047 0.000308971 0.00590191 0.00165042
6 0.0109258 0.00424801 0.0105863 0.00405099 0.00288821 0.956884 0.0104167
1 0.0150294 0.0487448 0.0021205 0.000968713 0.927805 0.000978633 0.0043533
4 0.943323 0.0361746 0.000641508 0.00127696 0.00983301 0.000363811 0.00838727
3 0.00659558 0.00773191 0.00087263 0.00108903 0.0041608 0.00647396 0.973076
5 0.0211375 0.9443 0.00147088 0.00139427 0.029028 0.0015013 0.00116785
2 0.00487775 0.00669582 0.972576 0.00992745 0.00213592 0.0015695 0.00221735
7 0.00556655 0.000889431 0.011141 0.974172 0.000678159 0.00485149 0.00270186
1 0.0128354 0.0488529 0.000566705 0.00453818 0.93075 0.000774762 0.00168182
5 0.0327413 0.884054 0.00558994 0.00631433 0.0585026 0.00268799 0.0101093
2 0.00486387 0.00485545 0.957938 0.0102035 0.00295499 0.0154271 0.00375716
7 0.00559429 0.00730896 0.0101269 0.959678 0.00394617 0.00357946 0.00976663
1 0.00765679 0.0460707 0.000986275 0.00117227 0.942439 0.00108869 0.000586425
4 0.947359 0.022695 0.00284669 0.00399776 0.00600868 0.00454835 0.0125448
3 0.00303626 0.00218455 0.00333927 0.00245154 0.000751231 0.0109607 0.977276
5 0.00486121 0.935802 0.000259937 0.000150307 0.0578915 0.000578934 0.000456048
2 0.000607006 0.00153513 0.969814 0.010971 0.000922882 0.01373 0.0024201
7 0.00159896 0.00239773 0.0123612 0.969414 0.00273796 0.00372989 0.00775982
6 0.000948088 0.00097039 0.000662743 0.000234518 0.000853205 0.994465 0.0018659
1 0.0111772 0.048952 0.0029253 0.000997266 0.929576 0.00214091 0.00423155
4 0.947549 0.0150657 0.0052456 0.00490783 0.00241865 0.0119414 0.012872
3 0.00530321 0.00966576 0.00474137 0.00722873 0.00196146 0.00156099 0.969538
5 0.00161065 0.93886 0.00017961 0.000843792 0.0580088 0.000310205 0.000186815
5 0.0353231 0.869295 0.00970373 0.0100704 0.0490007 0.0026834 0.0239237
2 0.000581711 0.000401984 0.983568 0.00949615 0.000141675 0.00258787 0.00322246
7 0.00458173 0.00576037 0.0122611 0.966608 0.00179593 0.00390809 0.00508479
1 0.00777879 0.0487468 0.000455657 0.00032369 0.941544 0.000807125 0.000343641
3 0.00570058 0.0186553 0.00322191 0.000804269 0.00263812 0.00137168 0.967608
5 0.0486458 0.90639 0.00245955 0.00525403 0.0352175 0.00107944 0.000953605
2 0.000449767 0.000233561 0.988983 0.00843771 0.000102598 0.00160528 0.000188283
7 0.0011964 0.00188545 0.0115348 0.981559 0.000622377 0.00123362 0.00196881
1 0.00851533 0.0430743 0.000810079 0.000376213 0.945123 0.00128964 0.000811158
1 0.0108306 0.0489979 0.000588384 0.000107365 0.937895 0.00120868 0.000372274
4 0.977836 0.00213311 0.00430372 0.00141363 0.000831041 0.00433893 0.00914319
4 0.952842 0.0252536 0.00329775 0.00276586 0.0129153 0.000992615 0.00193263
3 0.00325503 0.00124599 0.00505178 0.000480676 0.000549261 0.00850926 0.980908
7 0.00376105 0.000588212 0.0124492 0.968914 0.000347884 0.00606754 0.00787167
1 0.0134538 0.0467807 0.00326892 0.0124334 0.918346 0.00204364 0.00367332
1 0.0190728 0.0472053 0.00325235 0.00416507 0.920667 0.00189383 0.00374407
4 0.941566 0.0342124 0.00685524 0.00766007 0.00579072 0.000476692 0.00343884
3 0.00714501 0.00958072 0.00611792 0.00271264 0.00195902 0.00151722 0.970967
5 0.0162631 0.903436 0.00706192 0.008479 0.0562536 0.00248296 0.00602353
2 0.00183335 0.000478453 0.985739 0.00936481 0.000258139 0.00180202 0.00052449
7 0.00896114 0.00934621 0.0103887 0.960618 0.00111569 0.00447855 0.00509154
6 0.00279504 0.00420211 0.00777842 0.00257903 0.00266774 0.96666 0.0133181
1 0.00263425 0.0488295 0.0026444 0.00278021 0.940356 0.00177421 0.000981773
1 0.00345075 0.0158325 0.00066341 0.000555113 0.978164 0.000881485 0.000452788
4 0.992261 0.00532578 0.00018537 0.000539844 0.0010683 0.000184794 0.000434481
3 0.00787874 0.0120036 0.00213383 0.00427669 0.00276794 0.00126093 0.969678
2 0.00119696 0.00172793 0.983011 0.00945497 0.000455172 0.00327475 0.000879572
6 0.0093158 0.00458432 0.00955099 0.00793982 0.00260285 0.962136 0.00387033
6 0.000772288 0.0029749 0.00208465 0.000386258 0.000573953 0.99267 0.000537714
1 0.0178532 0.0473554 0.000392636 0.000844552 0.932715 0.000710047 0.000129327
1 0.0102153 0.0489578 0.00134798 0.000308012 0.936888 0.00171999 0.000563381
4 0.984696 0.00230103 0.000577115 0.00245519 0.00252169 0.000488848 0.00696025
4 0.943726 0.0369221 0.00200854 0.00110669 0.0071123 0.00237633 0.00674846
5 0.00962164 0.925526 0.00127921 0.00460455 0.0575027 0.00101055 0.000454872
5 0.020169 0.903294 0.00266517 0.0101455 0.057446 0.00190832 0.00437216
2 0.00315178 0.00137758 0.970202 0.0105587 0.00189484 0.0102751 0.00254009
7 0.00537636 0.00306293 0.0127023 0.963305 0.00132223 0.00823753 0.00599351
6 0.0110731 0.00271308 0.0100456 0.00221271 0.00256107 0.960162 0.0112324
6 0.00364866 0.00280466 0.0029232 0.00190301 0.00145441 0.974569 0.0126967
1 0.00311899 0.0486626 0.000219292 0.000396218 0.946572 0.000849464 0.000181448
1 0.00287805 0.0487285 0.000616241 0.000968728 0.945572 0.000798734 0.000437505
4 0.958333 0.00917308 0.0113171 0.00258058 0.00172639 0.00758644 0.0092832
3 0.00113196 0.00469558 0.00585715 0.00346259 0.00100358 0.00838994 0.975459
5 0.0179055 0.909946 0.0030332 0.00745831 0.0574912 0.00251724 0.00164847
2 0.000460522 0.002083 0.977053 0.00308195 0.000690017 0.0104831 0.0061489
2 0.000249987 0.000120204 0.987753 0.00939185 0.000109193 0.00164717 0.000728857
7 0.00224823 0.000321979 0.0121137 0.97298 0.000149831 0.00737561 0.00481038
6 0.00425988 0.00107102 0.0032365 0.000275961 0.000841578 0.97798 0.0123349
1 0.0164421 0.0483073 0.00254661 0.00221333 0.928528 0.00076627 0.00119696
4 0.952024 0.0388102 0.00409878 0.000280314 0.0022769 0.00144825 0.00106186
3 0.00313307 0.00117209 0.0059035 0.00304548 0.000564008 0.00975506 0.976427
5 0.0225935 0.892994 0.00375233 0.0144862 0.0584381 0.00249167 0.00524465
5 0.0024236 0.992877 0.000306143 0.000363113 0.00261648 0.00119271 0.000220889
7 0.0026458 0.00512037 0.012218 0.966176 0.00103084 0.00749543 0.00531365
1 0.0088528 0.0488145 0.000731372 0.00048981 0.939609 0.000753128 0.000749358
4 0.948531 0.0374527 0.000295777 9.99398e-05 0.00979496 0.000629085 0.00319706
5 0.0241263 0.915384 0.000264572 0.000377712 0.0585479 0.000916554 0.00038326
7 0.000908831 0.00468638 0.0118752 0.974995 0.000778464 0.00580878 0.00094721
6 0.00322722 0.0018202 0.00210373 0.000192269 0.000650657 0.986112 0.00589387
1 0.0191433 0.0471704 0.00241987 0.00111308 0.926946 0.00218957 0.00101725
1 0.0223774 0.0307143 0.00316085 0.0144864 0.926339 0.0021307 0.000791755
4 0.95223 0.0227164 0.00392907 0.00170854 0.00486329 0.00256438 0.0119882
3 0.00588774 0.00939762 0.00744155 0.00411593 0.00452183 0.00464365 0.963992
2 6.1633e-06 4.98772e-06 0.997303 6.54654e-05 2.93978e-05 0.00230334 0.000287491
6 0.00258232 0.00222889 0.002629 0.000991318 0.00328072 0.975409 0.0128784
1 0.00637053 0.0486531 0.000807935 0.000439384 0.94183 0.00129469 0.000604315
4 0.9745 0.0123895 0.00623636 0.00307945 0.00195267 0.000713639 0.00112861
3 0.000444441 0.000916308 0.00344938 0.000578928 0.000268187 0.0112 0.983143
5 0.0216524 0.901878 0.00151309 0.0106394 0.0577076 0.00148583 0.00512398
2 0.00114088 0.00276475 0.989681 0.00397215 0.000489099 0.000824333 0.00112742
6 0.00277292 0.00466256 0.00514579 0.00103758 0.00184515 0.971848 0.0126879
1 0.00317776 0.0486832 0.0031744 0.00290458 0.933603 0.00182998 0.00662726
1 0.00414678 0.0487876 0.000521221 0.000511589 0.945101 0.000691824 0.000239643
4 0.9822 0.00336919 0.00473859 0.00202348 0.000933149 0.00229278 0.00444242
3 0.00703711 0.00470459 0.0052455 0.0030518 0.00259472 0.0080978 0.969268
2 0.00467861 0.00656997 0.975262 0.00974115 0.0019854 0.0007614 0.00100153
7 0.00221662 0.00569089 0.0118228 0.976044 0.000359355 0.00285281 0.00101302
6 0.00231767 0.00146946 0.00824824 0.00184058 0.000438514 0.9809 0.00478507
1 0.00471514 0.0487369 0.00222144 0.00369321 0.938735 0.00101846 0.000879985
3 0.00514986 0.00260453 0.0041392 0.0037794 0.00425123 0.00447331 0.975602
5 0.022096 0.898915 0.00211678 0.0123504 0.0575596 0.00144876 0.00551308
2 0.00455513 0.000722925 0.967551 0.0104891 0.000668434 0.0153381 0.000674984
7 0.00564426 0.000796196 0.00701781 0.975665 0.00182282 0.00619015 0.00286337
1 0.00687981 0.00287041 0.000893716 0.00193454 0.982755 0.000721037 0.00394566
4 0.933768 0.0334343 0.00929603 0.00660261 0.0101849 0.00212854 0.00458577
3 0.0051816 0.00477062 0.00496345 0.00474702 0.00221805 0.0111425 0.966977
2 0.00452849 0.000756716 0.968105 0.0110134 0.000978183 0.0134512 0.00116659
7 0.00719354 0.000761201 0.011575 0.968518 0.000455709 0.00624729 0.00524938
6 0.00422989 0.00176434 0.00835544 0.00285933 0.00110497 0.976064 0.0056223
1 0.000374806 0.00968815 0.000310444 0.000187843 0.988563 0.000373434 0.000502022
1 0.0234244 0.0335154 0.00256763 0.00420909 0.928893 0.00143842 0.00595221
4 0.941326 0.0362386 0.00337366 0.00660144 0.00447286 0.00223313 0.00575398
4 0.947469 0.0366961 0.000594046 0.00300324 0.011504 0.000367332 0.000365848
5 0.0454737 0.887758 0.00572692 0.00526671 0.0331501 0.00273407 0.0198909
7 0.00503209 0.00059853 0.0028493 0.98415 0.000477971 0.00624095 0.000651356
1 0.00806255 0.00793765 0.0010343 0.00173049 0.974929 0.000850961 0.00545552
1 0.0122785 0.0202391 0.00269158 0.00269084 0.952149 0.0020826 0.00786871
3 0.00753275 0.00676644 0.00133274 0.00249601 0.00694625 0.00702667 0.967899
5 0.0488912 0.89288 0.00159408 0.00533328 0.0448152 0.00132225 0.00516362
2 0.00321058 0.00107338 0.966909 0.00908573 0.00168335 0.0164828 0.00155519
7 0.00249145 0.00163927 0.0120022 0.970844 0.00177014 0.00860995 0.00264277
1 0.0172631 0.0354193 0.000414108 0.000723975 0.94242 0.000614413 0.00314536
4 0.950319 0.0276037 0.0022656 0.00630526 0.00815564 0.0008741 0.00447669
3 0.00691471 0.00436936 0.00259511 0.0029322 0.0018203 0.00771036 0.973658
5 0.0149725 0.917779 0.0013212 0.00212946 0.0576713 0.000493603 0.00563273
5 0.0481344 0.898868 0.00352853 0.00886047 0.0332399 0.00243185 0.0049364
2 0.00412468 0.000638994 0.970251 0.0111525 0.000322081 0.0122165 0.00129385
7 0.00573735 0.000607498 0.00202295 0.982933 0.00142838 0.00595116 0.00131942
3 0.00628491 0.00148425 0.00095116 0.000673929 0.00628592 0.00590183 0.978418
2 0.00401891 0.000361934 0.971924 0.00608137 0.000450736 0.0167894 0.000373834
7 0.00631069 0.00674812 0.00400642 0.972339 0.00323619 0.00386245 0.00349763
1 0.0196985 0.0462735 0.00266417 0.00599645 0.913378 0.00227918 0.00971031
4 0.956416 0.0225918 0.00116629 0.00375268 0.0118051 0.000827406 0.00344065
2 0.00355604 0.00070924 0.97109 0.00500086 0.000784543 0.0163526 0.00250683
7 0.00119576 0.00067067 0.00162265 0.989687 0.000663738 0.00546486 0.000695015
6 0.00874055 0.00470294 0.00971663 0.00454266 0.00303221 0.95661 0.0126552
1 0.0140248 0.0291985 0.00084537 0.00591532 0.948467 0.000923616 0.000625561
1 0.00383252 0.0487095 0.00111028 0.0018413 0.943067 0.000632847 0.000806998
4 0.979422 0.000551772 0.000896863 0.00095015 0.00107213 0.00834893 0.00875786
2 0.00365981 0.00176742 0.967233 0.00649335 0.00184698 0.0167954 0.002204
7 0.00327353 0.00173795 0.0117678 0.973339 0.00168509 0.00707842 0.0011179
6 0.00262557 0.0020921 0.000746683 0.000425032 0.00232559 0.984669 0.00711556
1 0.0199734 0.0180607 0.000634747 0.000949859 0.956434 0.00100104 0.002946
1 0.00119985 0.00172616 0.00140865 0.00255664 0.989884 0.00059939 0.00262507
4 0.942334 0.034216 0.00168124 0.00888116 0.0047738 0.00211072 0.00600306
5 0.0452405 0.87572 0.00573923 0.0105083 0.0481478 0.00275394 0.0118906
2 0.00376026 0.000585209 0.967946 0.0108224 0.000692358 0.0146383 0.00155558
7 0.00551636 0.00680453 0.0138653 0.955791 0.00221367 0.0129641 0.00284452
6 0.00480645 0.00421514 0.00948881 0.00415571 0.00266432 0.966463 0.00820698
1 0.0225569 0.0282495 0.00247942 0.00293477 0.929142 0.00264726 0.0119905
4 0.940655 0.0379392 0.00297523 0.00502671 0.00775789 0.00191259 0.00373319
2 0.0040342 0.000501302 0.969542 0.00863672 0.000224946 0.0166597 0.00040123
7 0.00209314 0.000360686 0.011618 0.977173 0.000132683 0.00745173 0.00117058
7 0.00539278 0.000899858 0.0116344 0.977376 0.000161452 0.00327029 0.00126568
1 0.0098869 0.0487691 0.00198084 0.0022488 0.929787 0.000905512 0.00642145
3 0.00748825 0.00914177 0.00218276 0.00375875 0.00516674 0.000504404 0.971757
5 0.022452 0.915476 0.000696616 0.000625256 0.0579834 0.000916814 0.00185021
2 0.00461916 0.00328827 0.974942 0.00960294 0.00361451 0.000442933 0.00349058
7 0.00827295 0.0102041 0.0016041 0.964915 0.00905241 0.000406263 0.00554474
6 0.00706501 0.00409733 0.00694005 0.00173025 0.00261064 0.963615 0.013942
1 4.82938e-05 0.00267052 0.000176678 8.67637e-05 0.995928 0.000605714 0.00048434
3 0.00292938 0.0163933 0.00538587 0.000402565 0.00513299 0.00119506 0.968561
3 0.00276151 0.0147401 0.0076104 0.00217557 0.00478528 0.00211065 0.965816
2 0.00536516 0.00607844 0.974973 0.00113353 0.00290686 0.00282966 0.00671378
7 0.0027672 0.00877243 0.0128311 0.96411 0.00420752 0.000708329 0.00660366
6 0.00510978 0.00409111 0.00823648 0.00035796 0.00289973 0.966152 0.0131532
1 0.00480902 0.0485706 0.0016472 0.000378999 0.941939 0.00212285 0.000532067
4 0.9685 0.0198 0.000204667 0.000185937 0.0104651 0.000211354 0.000633197
3 0.00233666 0.0122071 0.00696975 0.00605319 0.00805793 0.00321635 0.961159
5 0.0066936 0.932462 0.000885609 0.000656207 0.0577326 0.00133862 0.000231507
2 0.00458817 0.0039538 0.982956 0.00311418 0.00147423 0.000934819 0.0029789
2 0.000635136 0.000437843 0.980588 0.00158138 0.0004076 0.0156555 0.000694744
7 0.00775313 0.0087078 0.0112471 0.95935 0.00664849 0.00224781 0.00404554
6 0.00588417 0.00293781 0.00522596 0.000257601 0.0024068 0.971607 0.011681
1 0.00960438 0.0489111 0.000187638 7.78521e-05 0.940555 0.000533708 0.000129936
1 0.00249869 0.0487287 0.000821667 0.000190796 0.946436 0.00114167 0.000182807
4 0.96203 0.0231131 0.000382993 0.000467531 0.0118795 0.00024893 0.00187764
3 0.00209094 0.00209713 0.00209998 0.00105152 0.00144283 0.00493047 0.986287
5 0.0239656 0.907911 0.00093861 0.000513776 0.0582427 0.00223288 0.00619561
2 0.00251572 0.00177672 0.974025 0.00827805 0.00220055 0.00382748 0.00737677
6 0.000759273 0.000479868 0.000220292 3.95136e-05 0.000787036 0.99664 0.00107418
1 0.0119158 0.0478997 5.89618e-05 6.25292e-05 0.939045 0.000339447 0.000678323
1 0.0236936 0.0380875 0.000433522 0.000171271 0.933201 0.00106743 0.00334581
3 0.00248017 0.00317069 0.00504543 0.00318892 0.00161133 0.00295239 0.981551
5 0.019742 0.91184 0.00468213 0.00183297 0.057648 0.00258527 0.00166988
5 0.00530447 0.964708 0.000788009 0.00151565 0.0252807 0.00172665 0.000676853
2 0.0117796 0.00341558 0.965179 0.00416395 0.00254795 0.00701424 0.00590001
2 0.000844311 0.00013565 0.97656 0.00464923 0.00014362 0.0147079 0.00295926
7 0.00414492 0.000925918 0.0119286 0.97377 0.00237534 0.00303034 0.00382487
6 0.00157264 0.000429026 0.00169767 7.8484e-05 0.00043528 0.994555 0.00123192
1 0.0168285 0.0483532 0.000194257 5.62917e-05 0.933462 0.000909368 0.000196371
4 0.965716 0.0197622 0.0003078 0.000310221 0.00939958 0.000408499 0.00409585
3 0.00649543 0.01313 0.00724196 0.00129038 0.00510418 0.00335957 0.963379
5 0.0420889 0.936285 0.00270795 0.000480946 0.00878488 0.00318121 0.00647077
2 0.00157952 0.000385978 0.978884 0.00209695 0.00059245 0.00914661 0.00731498
2 0.00461836 0.00179336 0.97573 0.00815968 0.000932798 0.00200419 0.00676161
6 0.00237868 0.000364397 0.00130379 4.15912e-05 0.000423527 0.989991 0.00549732
1 0.0240068 0.0374858 0.00425542 0.00465084 0.920503 0.001935 0.00716296
1 0.00444867 0.0302969 0.000526132 0.000324521 0.963441 0.000626629 0.000335983
4 0.965566 0.0214701 0.000408377 0.000248946 0.0107192 0.000576927 0.00101038
3 0.00344927 0.0072116 0.00631255 0.00581132 0.00460177 0.00118863 0.971425
5 0.0321794 0.906006 0.000414727 0.000291389 0.0594199 0.00117289 0.000515235
2 0.00161028 0.00442026 0.978963 0.00389152 0.00202755 0.00235017 0.00673711
1 0.00691956 0.048665 9.43214e-05 5.94404e-05 0.943696 0.000514818 5.08444e-05
4 0.956364 0.0224636 0.0026557 0.0010267 0.0115323 0.00107606 0.00488154
3 0.00153995 0.00245727 0.00592726 0.00414976 0.00396998 0.00555173 0.976404
5 0.0115364 0.924684 0.000668504 0.000967282 0.0575215 0.001728 0.00289456
5 0.0223013 0.909313 0.00154823 0.00118742 0.0577868 0.00184065 0.00602301
2 0.00398558 0.00129976 0.972434 0.00699261 0.00123804 0.00642913 0.00762055
7 0.00300678 0.00611832 0.0126693 0.961433 0.00311582 0.00470766 0.00894909
6 0.0049678 0.00421058 0.00157807 0.0005999 0.00282987 0.972798 0.0130161
1 0.00807178 0.048428 0.000837515 0.000133085 0.940223 0.00176113 0.00054602
4 0.955266 0.0297148 0.000499547 0.000156436 0.0136603 0.000263217 0.000439465
3 0.000441734 0.00708008 0.00619565 0.000892997 0.00128614 0.00593712 0.978166
5 0.0230643 0.90959 0.000580722 0.000411739 0.0579673 0.00138248 0.00700316
2 0.0080775 0.00549539 0.96455 0.0110067 0.00370858 0.00198817 0.0051734
2 0.00506044 0.00579974 0.966386 0.00313517 0.00188748 0.00985999 0.00787088
1 0.00744652 0.0435102 0.000368848 9.76094e-05 0.947025 0.00123991 0.000312151
4 0.959938 0.0208373 0.00055186 0.000434125 0.0109365 0.00032376 0.00697816
3 0.00612261 0.0099015 0.0046822 0.0040274 0.00550204 0.000867147 0.968897
5 0.0223377 0.913552 0.000647462 0.000368156 0.0579234 0.00248703 0.00268387
2 0.000217891 0.000470426 0.987344 0.000873346 0.000368341 0.00434596 0.00637978
6 0.00516084 0.00429605 0.00761538 0.00185556 0.00255956 0.965034 0.0134783
6 0.00341243 0.00195993 0.00814274 0.000237903 0.000664493 0.982933 0.00264963
1 0.0171054 0.0280586 0.000945492 0.000230378 0.952392 0.000942677 0.00032575
1 0.0147525 0.0151564 0.000274747 5.84441e-05 0.968989 0.000454943 0.000313526
