labels 5 7 1 6 4 2 3
5 0.910389 0.011922 0.0275265 0.00314914 0.0378715 0.00347178 0.00567022
7 0.00730499 0.970043 0.00149081 0.00345459 0.00336094 0.0127075 0.00163806
1 0.0394147 0.0046171 0.94794 0.000752957 0.0043918 0.000460351 0.00242324
5 0.91948 0.00782851 0.0195094 0.00220007 0.0394772 0.00621575 0.00528881
7 0.00170866 0.986213 0.000735679 0.00104932 0.000528554 0.00880411 0.000960907
6 0.0029343 0.0056483 0.00280181 0.957209 0.00565283 0.0243958 0.00135757
1 0.0438782 0.00411903 0.929421 0.00227776 0.0132873 0.00221202 0.00480451
1 0.0055264 0.00236296 0.988144 0.000780017 0.00141536 0.000816146 0.000955263
4 0.0426331 0.00245242 0.00493587 0.000375017 0.948161 0.00104717 0.000395801
5 0.935038 0.0145316 0.00570291 0.000776945 0.0374826 0.00205973 0.00440791
2 0.00285733 0.0188625 0.00148687 0.0107994 0.0054184 0.958872 0.00170321
7 0.00301631 0.993477 0.00045889 0.000529492 0.000636269 0.00168753 0.000194432
6 0.00256593 0.00515927 0.00166722 0.761132 0.00495934 0.223747 0.000769852
1 0.00626165 0.0100787 0.974415 0.00215554 0.0015501 0.00425529 0.00128371
4 0.0407036 0.00172534 0.0061988 0.00280882 0.938013 0.00263407 0.00791673
5 0.916372 0.0162133 0.0170198 0.00306574 0.03928 0.00312247 0.00492624
7 0.00561423 0.951787 0.00345071 0.00708407 0.00596562 0.0136737 0.0124245
6 0.00308667 0.00855552 0.00294803 0.947493 0.005029 0.0250268 0.00786095
1 0.0148794 0.00534251 0.962693 0.00230581 0.00960632 0.00140571 0.00376752
1 0.00588029 0.00162006 0.990908 0.000396794 0.000654361 0.000271529 0.000269195
5 0.934317 0.00613516 0.00924696 0.0026212 0.0384055 0.00259161 0.00668229
5 0.920848 0.0061099 0.017348 0.00255638 0.0382603 0.00653707 0.00834008
2 0.000168887 0.0190042 0.000250383 0.030508 0.0013707 0.946412 0.00228601
7 0.000862322 0.98915 0.000567004 0.000959082 0.00403846 0.00404306 0.000380505
1 0.0102517 0.00131211 0.986911 0.000347304 0.000792371 0.000336416 4.95568e-05
5 0.92851 0.00505622 0.0163585 0.00284823 0.0387884 0.00272495 0.00571323
2 0.000711942 0.00383458 0.000531374 0.0255255 0.00137328 0.957145 0.0108778
7 0.00378631 0.976171 0.002306 0.000601431 0.00111006 0.012948 0.00307725
6 0.00375651 0.00483577 0.00285876 0.946524 0.0061181 0.02499 0.0109164
1 0.160297 0.0134426 0.81458 0.0018851 0.00420823 0.0023307 0.00325596
1 0.0470285 0.0139093 0.925159 0.00215399 0.00698007 0.00217693 0.00259241
4 0.0349794 0.00426817 0.00960712 0.000666245 0.944716 0.00121974 0.00454339
2 0.000923588 0.0324541 0.00165337 0.0284126 0.0035345 0.927987 0.00503474
7 0.00402104 0.961873 0.00124043 0.00773872 0.00475435 0.014082 0.00629086
6 0.00036734 0.000107386 0.000290862 0.994556 0.00117428 0.00111689 0.00238766
1 0.0356097 0.00743722 0.934642 0.00180317 0.0146384 0.00261751 0.00325149
7 0.00965009 0.962194 0.0038067 0.00444703 0.00542468 0.0116907 0.00278687
6 0.00345827 0.00481388 0.00302464 0.94928 0.00592225 0.0246823 0.00881823
1 0.00369096 0.00197825 0.99283 0.000508297 0.000356433 0.000461454 0.000174529
2 0.00330568 0.0204071 0.00110046 0.0171018 0.00272909 0.94769 0.00766593
7 0.00751385 0.965036 0.00264182 0.00214406 0.00415635 0.0140033 0.00450479
6 0.00392085 0.00502895 0.00239125 0.952948 0.00426747 0.0244463 0.00699742
1 0.0476379 0.00555023 0.930274 0.0024097 0.00868684 0.0019453 0.00349604
4 0.0407702 0.000447992 0.00849501 0.00215461 0.942604 0.00119515 0.00433322
3 0.00579357 0.00353264 0.000756437 0.00553936 0.00488966 0.00548941 0.973999
7 0.00257128 0.966482 0.00134534 0.0043621 0.00310427 0.0139377 0.00819699
7 0.00901044 0.956967 0.00186697 0.0047588 0.00800826 0.0131169 0.0062712
1 0.00835992 0.00641033 0.975896 0.00154663 0.00422101 0.00229855 0.00126767
1 0.00637454 0.000495408 0.991094 0.000581788 0.000653855 0.000308314 0.000491883
4 0.0339745 0.00696773 0.00894613 0.00185468 0.941867 0.00219675 0.00419286
5 0.924677 0.00446813 0.0120672 0.00548671 0.0308242 0.00218291 0.0202942
2 0.00436537 0.018724 0.00181626 0.00381596 0.00350368 0.963479 0.00429558
7 0.0103621 0.966232 0.00213683 0.00114981 0.00325833 0.0136833 0.00317735
1 0.0445495 0.00472426 0.934861 0.00105006 0.0123554 0.00106403 0.00139535
1 0.00978334 0.000202551 0.986203 0.0011812 0.00208579 0.000198605 0.000345871
4 0.0312783 0.00042083 0.00885272 0.000154307 0.95864 0.000346981 0.000306726
4 0.0435385 0.000478813 0.00256185 0.00101447 0.951128 0.000711616 0.000566799
5 0.955566 0.00581321 0.00568543 0.00150677 0.0268399 0.00206957 0.00251946
2 0.00495757 0.0183299 0.00351549 0.00210001 0.00302069 0.96427 0.00380621
7 0.0121013 0.961394 0.00118167 0.000512338 0.00552971 0.0114367 0.00784428
6 0.00482166 0.00163454 0.00296875 0.963066 0.00695448 0.0071441 0.01341
1 0.0477723 0.000966469 0.947508 0.00103953 0.000703441 0.00120164 0.000808616
5 0.93571 0.0107334 0.0231627 0.000642112 0.0191108 0.00303691 0.00760416
2 0.00345286 0.00298501 0.00115421 0.00786424 0.00143563 0.981497 0.00161057
7 0.00752577 0.971344 0.00219302 0.00105767 0.00657763 0.00243502 0.0088665
6 0.00120127 0.000180008 0.000712633 0.993439 0.00182979 0.00100117 0.00163607
1 0.0454875 0.00112074 0.94016 0.00114612 0.0113715 0.000375889 0.000338169
5 0.930521 0.0102516 0.0252448 0.00058825 0.029368 0.00174444 0.00228204
2 0.00456008 0.0154804 0.00245613 0.00824415 0.00365313 0.955252 0.0103542
7 0.00394845 0.966314 0.00166067 0.0045921 0.00152401 0.014152 0.00780875
6 0.00253338 0.00054152 0.00209597 0.977729 0.0016291 0.00319719 0.0122736
1 0.0465761 0.0011429 0.941174 0.000558963 0.010055 0.000233445 0.000259401
5 0.981974 0.00785446 0.00214517 0.00114201 0.00227559 0.00370991 0.000898826
2 0.00116098 0.00591943 0.000342407 0.0156072 0.000716289 0.972835 0.00341905
7 0.0103291 0.96137 0.00150772 0.00120225 0.00392757 0.0136803 0.00798281
6 0.000928679 0.000131937 0.000450265 0.99108 0.00110127 0.00420522 0.00210214
6 0.00382627 0.000514144 0.0017631 0.972749 0.0101498 0.00563115 0.00536678
1 0.0478709 0.000454122 0.948652 0.000806004 0.00177341 0.000375499 6.81003e-05
4 0.0243963 0.000999538 0.00528116 0.000583717 0.964983 0.000397754 0.00335871
5 0.930645 0.0201776 0.0131011 0.00113263 0.0257939 0.00407647 0.00507297
5 0.944403 0.0028689 0.0336239 0.000692419 0.0166243 0.00133662 0.000451047
2 0.00470741 0.0058638 0.00269882 0.00947103 0.00374534 0.964816 0.00869786
7 0.00960366 0.974039 0.00486671 0.000637344 0.00417351 0.0010519 0.00562792
1 0.0479382 0.00331197 0.936588 0.00218653 0.00590366 0.00100943 0.00306214
5 0.962624 0.00188444 0.0331134 0.000371631 0.00184928 0.000106486 5.1195e-05
2 0.00405362 0.00229904 0.00211281 0.00778861 0.00112864 0.974615 0.00800234
7 0.0117023 0.96911 0.00372042 0.00127295 0.0043584 0.0071539 0.00268169
6 0.00350543 0.000686077 0.00276655 0.98105 0.00444669 0.00215382 0.00539148
1 0.0479278 0.000354858 0.95016 0.000759415 0.000390737 0.000197901 0.000209758
5 0.940749 0.0062692 0.0331849 0.00132536 0.00571739 0.00505851 0.00769549
2 0.00141435 0.00237197 0.00145822 0.00407249 0.000391658 0.985853 0.00443821
7 0.00888711 0.974965 0.00818239 0.000850874 0.00313918 0.00225595 0.00171903
6 0.00446559 0.00242903 0.0035066 0.965819 0.0103808 0.00497174 0.00842705
1 0.0481835 0.00510193 0.933953 0.00220716 0.00527176 0.00216635 0.00311577
4 0.0355293 0.000961246 0.00952674 0.00150361 0.950613 0.00030216 0.00156406
5 0.995506 0.000319136 0.00255469 0.000173164 0.00124639 0.00015554 4.4953e-05
2 0.00484522 0.00679714 0.00190762 0.0150921 0.00366 0.958472 0.00922628
7 0.0122166 0.9636 0.00276025 0.00276729 0.00435947 0.00726222 0.00703376
6 0.00570197 0.00100194 0.00316701 0.970455 0.00809589 0.00341573 0.00816249
1 0.0425311 0.0019265 0.945256 0.000980469 0.00684621 0.000539784 0.00191999
1 0.00274067 0.000524847 0.994799 0.000703364 0.000488591 0.000234502 0.000508735
4 0.0434665 0.000141581 0.00373893 0.000558709 0.950825 0.000178547 0.00109103
5 0.973501 0.00281999 0.0220889 0.000267679 0.00101888 0.000132776 0.000170401
2 0.00308504 0.0179671 0.0010007 0.00986081 0.00308052 0.95568 0.00932618
7 0.00877305 0.981196 0.00080056 0.000807672 0.00364902 0.00406366 0.000709662
6 0.003656 0.000479539 0.00112946 0.980283 0.00319675 0.00500837 0.00624714
1 0.0478687 0.00463834 0.937592 0.00157306 0.00415344 0.00243674 0.00173734
4 0.00610554 0.000862375 0.000410067 0.0119051 0.972404 0.00325594 0.0050574
7 0.000310993 0.964631 0.000252404 0.0136433 0.00346812 0.0146168 0.00307706
1 0.0184024 0.00680642 0.950695 0.00402421 0.00962351 0.00313257 0.00731618
4 0.00101168 0.000128979 0.000615822 0.00188016 0.987326 0.000609873 0.00842723
5 0.92522 0.00278725 0.0253103 0.000884307 0.0399319 0.000652496 0.00521427
2 0.000736707 0.0181451 0.000328285 0.00622849 0.00283308 0.97058 0.00114793
7 0.00295654 0.956829 0.00135138 0.010914 0.00452862 0.0142476 0.00917307
1 0.0136971 0.00636552 0.960379 0.00303419 0.00874664 0.00258391 0.00519398
5 0.944433 0.0116085 0.00285816 0.000660242 0.0379027 0.00138143 0.0011558
7 0.000102007 0.97412 0.000119875 0.00949691 0.00204836 0.0139579 0.000154916
1 0.0259286 0.00382379 0.940374 0.00538165 0.0115557 0.0024936 0.0104422
1 0.0199848 0.00024688 0.977802 0.000240049 0.00162822 4.76944e-05 5.01395e-05
4 0.0406023 0.00182009 0.00548465 0.000416599 0.94262 0.00252259 0.00653403
2 0.000745459 0.02013 0.0012831 0.0179919 0.00278925 0.952052 0.00500794
6 0.00257819 0.00734086 0.00322038 0.940274 0.0124735 0.0203367 0.013776
1 0.0277168 0.00170774 0.947137 0.00355428 0.0115259 0.00224886 0.0061097
4 0.000206313 2.66765e-05 4.84009e-05 0.00217281 0.989 0.000337058 0.00820852
4 0.000969014 0.00394072 0.000506607 0.00890499 0.975743 0.000913413 0.00902185
2 0.00154604 0.0123384 0.00137988 0.0121243 0.00516857 0.962293 0.00514977
6 0.00361335 0.0121748 0.00290708 0.945557 0.017904 0.0130672 0.00477637
1 0.00426684 0.00401843 0.97487 0.0029959 0.00775521 0.00229718 0.00379691
4 0.00668364 0.000151735 0.00178973 0.00104698 0.983693 0.000572524 0.00606249
3 0.00409474 0.0043484 0.00332835 0.00302141 0.00661208 0.00191642 0.976679
5 0.920509 0.0143038 0.0335669 0.00257946 0.0191635 0.00340387 0.00647311
2 0.00221406 0.0182065 0.00159701 0.00561731 0.00396044 0.967029 0.00137584
4 0.00624433 0.00105313 0.00352782 0.000334716 0.984862 0.000349641 0.00362845
2 0.00315771 0.0191145 0.00190147 0.0159332 0.00642029 0.949154 0.00431868
7 0.00104539 0.971888 0.00181722 0.00337242 0.00638012 0.0130875 0.00240917
1 0.00915762 9.32697e-05 0.988403 0.000360957 0.00155556 0.000131152 0.000298779
2 0.000516507 0.00384317 0.000332598 0.0310517 0.00046631 0.963007 0.00078278
6 0.00105063 0.00273287 0.000687155 0.960935 0.00888649 0.0242667 0.00144072
1 0.00950089 0.000342018 0.977167 0.00157462 0.0044746 0.000595067 0.00634619
4 0.000179462 0.00322989 0.000172606 0.0115836 0.977843 0.00496265 0.0020285
2 0.000779423 0.00648243 0.000591281 0.0268784 0.000562745 0.963035 0.00167085
1 0.0479387 0.000467915 0.939947 0.00273109 0.00358829 0.00144358 0.00388382
5 0.956293 0.00370788 0.0329945 0.000650713 0.0052759 0.000425747 0.000652188
2 0.000709828 0.0196819 0.00034999 0.0162491 0.00152737 0.961178 0.000303609
1 0.0477032 0.000934156 0.946975 0.000720159 0.00295648 0.000440978 0.000270173
4 0.00502227 0.00397562 0.00177083 0.00243633 0.97958 0.0020918 0.00512358
4 0.000923983 0.00416404 0.000343317 0.00745925 0.98117 0.00532407 0.000615496
2 0.00194119 0.0103671 0.0016936 0.032897 0.00403841 0.947464 0.00159902
7 0.000471279 0.977647 0.000538118 0.0074124 0.00123172 0.0124959 0.000203746
1 0.0477625 0.00080579 0.946896 0.000355369 0.00308884 0.000696301 0.000394739
3 0.00586608 0.00799516 0.0023159 0.000950343 0.00423731 0.00248339 0.976152
5 0.944202 0.00530929 0.0334066 0.000987299 0.0130574 0.00256486 0.000472213
2 0.000462718 0.0102097 0.000408911 0.0298866 0.000614455 0.957472 0.000945773
7 0.000581283 0.980201 0.000767753 0.00224013 0.00313072 0.0124632 0.000615542
6 0.00194687 0.00560563 0.00236743 0.955462 0.00508796 0.0243031 0.00522698
1 0.0477795 0.000137 0.946573 0.000907237 0.000769423 0.000960605 0.00287338
4 0.03998 0.00847824 0.00149921 0.0011158 0.943233 0.00529637 0.000397114
5 0.918682 0.0204308 0.0199445 0.00330309 0.025265 0.00730579 0.00506916
7 0.000118728 0.977158 8.35181e-05 0.0081048 0.000908282 0.0134762 0.00015016
1 0.0478411 0.000529598 0.948307 0.000449285 0.00065504 0.00123097 0.000987297
4 0.0225313 0.00841915 0.00619588 0.00361634 0.946721 0.0056403 0.00687583
5 0.944847 0.00198606 0.0342115 0.00107579 0.0147868 0.00140379 0.00168946
5 0.939677 0.00135569 0.0347588 0.000782946 0.0213609 0.00105007 0.00101494
2 0.000626321 0.0121714 0.00185348 0.0331147 0.00354199 0.945225 0.00346706
7 0.00448356 0.96376 0.00294893 0.00772005 0.00613349 0.0106584 0.00429569
6 0.00112156 0.00178973 0.0015173 0.96673 0.000750498 0.0237568 0.00433371
1 0.0247875 0.00696272 0.943275 0.00297768 0.010495 0.00324008 0.00826215
4 0.0419587 0.00201151 0.00488483 0.000343309 0.949008 0.000612875 0.00118076
2 0.000569097 0.00422116 0.000721167 0.0321648 0.00109373 0.960016 0.00121405
6 0.00238916 0.0128519 0.00260339 0.947461 0.00736281 0.0220559 0.00527624
1 0.047877 0.00026992 0.950394 0.000513965 0.000600403 0.000291326 5.37392e-05
4 0.00946356 0.00476843 0.0020521 0.00281591 0.971339 0.00508568 0.00447502
3 0.00287474 0.00351438 0.00117545 0.0108253 0.00791145 0.00203403 0.971665
5 0.918129 0.00632616 0.0361051 0.00274929 0.0285389 0.00302336 0.0051277
2 0.0016961 0.00873296 0.00170173 0.0319046 0.00273816 0.943526 0.00970083
7 0.00362204 0.984389 0.00223086 0.000958727 0.00613347 0.00147673 0.00118882
1 0.0477651 0.000670636 0.946317 0.000485893 0.00423056 0.000338222 0.000192843
4 0.0279456 0.00868183 0.00548433 0.00248208 0.948468 0.00368005 0.00325815
5 0.920315 0.00652118 0.0268198 0.00253796 0.0397085 0.000752013 0.0033459
7 0.000480365 0.995877 0.00225164 0.000122358 0.000491405 0.000691886 8.57311e-05
6 0.00303003 0.00737736 0.00271784 0.954147 0.0030613 0.024698 0.00496826
1 0.0477758 0.00534176 0.94092 0.000430734 0.00416188 0.000919266 0.000450176
5 0.930383 0.00768061 0.0337293 0.0023467 0.0192469 0.00294011 0.00367355
2 0.000360885 0.0164405 0.00185608 0.0325243 0.00319258 0.941978 0.00364762
7 0.00136456 0.972603 0.0019546 0.00526545 0.00446736 0.013378 0.000967306
6 0.000793992 0.00081499 0.000996405 0.96584 0.00128306 0.0238112 0.00646081
1 0.0336264 0.00612902 0.939478 0.0022925 0.0139433 0.00235961 0.00217152
1 0.0481405 0.00396654 0.928285 0.00286812 0.00587021 0.00311121 0.00775826
4 0.0161423 0.00561663 0.00180674 0.00487168 0.95819 0.00670171 0.00667108
5 0.90921 0.0139118 0.036875 0.00333827 0.0287107 0.00391625 0.00403787
2 0.000426894 0.0112361 0.000405192 0.0329453 0.00131456 0.9491 0.00457189
7 0.000218595 0.995373 0.00029493 0.000412567 0.000755487 0.00261838 0.000327386
6 0.000792229 0.00108061 0.000717854 0.968374 0.0033585 0.0173207 0.00835631
1 0.0479978 0.00513388 0.93603 0.00220441 0.0024534 0.00319896 0.00298102
4 0.00134236 0.00164996 0.000145366 0.0115298 0.977655 0.00308562 0.00459218
4 0.00185177 0.00223234 0.000236628 0.0118378 0.975648 0.00370089 0.00449304
2 0.00020043 0.011385 0.000381494 0.033001 0.0036733 0.949217 0.00214177
7 2.24959e-06 0.997158 8.35002e-05 0.000505093 0.000199892 0.00192947 0.000121528
6 0.000337498 0.000639676 0.000207251 0.971006 0.00117444 0.0238054 0.00283
1 0.0477407 0.00189182 0.943548 0.00101133 0.00381355 0.00136562 0.000628517
5 0.93171 0.0176214 0.0321038 0.000959303 0.0134946 0.00317596 0.000935219
2 0.00134056 0.0180042 0.00114704 0.00180552 0.0033693 0.97146 0.0028733
7 0.0105135 0.958754 0.00350549 0.00156017 0.00584396 0.0102814 0.00954169
1 0.0478241 0.00189673 0.940645 0.000433097 0.00622359 0.00133728 0.00164001
4 0.00279088 0.00353367 0.00177575 0.000270623 0.991314 0.000243377 7.17476e-05
3 0.00451173 0.00582122 0.00280879 0.00655917 0.00230679 0.00629672 0.971696
7 0.00577829 0.974331 0.00250422 0.000476585 0.00726113 0.00510614 0.00454218
1 0.0281134 0.00433165 0.952482 0.00119585 0.0111894 0.00176168 0.00092573
1 0.0478245 0.006327 0.941809 0.00094062 0.00162505 0.00105853 0.000414894
1 0.0163941 0.00043344 0.974583 0.000186208 0.00816593 0.000171721 6.54442e-05
4 0.0074245 0.00423565 0.00293349 0.00332499 0.971452 0.00352759 0.00710198
2 0.00382738 0.0183748 0.00245693 0.00283666 0.00455968 0.96257 0.00537453
7 0.00389231 0.966232 0.00266112 0.000590034 0.00624698 0.0138829 0.00649503
6 0.00351684 0.00385902 0.00288523 0.951514 0.00574893 0.0176039 0.014872
1 0.0135076 0.000428061 0.984525 0.000173127 0.000887334 0.000395856 8.3074e-05
4 0.0326933 0.0086375 0.00817617 0.00191872 0.946951 0.00125911 0.000363887
2 0.00732665 0.0184997 0.0039504 0.00216856 0.00414604 0.957044 0.00686467
1 0.0395576 0.0179609 0.923316 0.00212142 0.0101421 0.00486818 0.0020338
6 0.00435279 0.00350435 0.00281137 0.945782 0.00696913 0.0247261 0.0118547
1 0.0230399 0.00098 0.973451 0.000159356 0.00170787 0.000577193 8.50673e-05
4 0.0018806 0.00190829 0.000270804 0.00157559 0.993022 0.000182188 0.00116091
3 0.00822404 0.00301905 0.00643542 0.0112204 0.00582163 0.00533412 0.959945
5 0.943224 0.0160079 0.0305095 0.000945255 0.00392091 0.00209175 0.00330061
7 0.0114435 0.971304 0.00631078 0.000199595 0.0030332 0.00409452 0.00361459
1 0.0325372 0.00535187 0.952765 0.000693495 0.00706778 0.0011983 0.000385982
1 0.0255081 0.000292309 0.973616 0.00011965 0.000334043 0.000103429 2.61937e-05
1 0.0474142 0.00181728 0.940925 0.00078216 0.00818635 0.000485138 0.000389564
2 0.00480742 0.0176705 0.0035111 0.000381018 0.001791 0.963622 0.00821684
6 0.00462455 0.00328494 0.00288822 0.96861 0.00478765 0.00798638 0.00781849
4 0.0438769 0.00286642 0.00140686 0.00211306 0.947002 0.000780422 0.00195428
6 0.0053646 0.00378433 0.00328589 0.960403 0.00238381 0.0114039 0.0133744
1 0.0455656 0.00523318 0.933536 0.000746404 0.0115407 0.00185 0.00152851
4 0.0401423 0.00288236 0.00822373 0.000124753 0.948136 0.000205146 0.000285684
2 0.00409756 0.0183852 0.00272406 0.00343194 0.00248737 0.962891 0.00598242
1 0.0477472 0.000346422 0.946964 0.000458994 0.00157327 0.00150192 0.00140798
4 0.0371892 0.00103732 0.00931067 0.00028955 0.950962 0.000464916 0.000746847
3 0.0073031 0.00443386 0.00276977 0.00129627 0.00720173 0.00173344 0.975262
3 0.0134264 0.00532058 0.00377057 0.00512165 0.00777724 0.00308239 0.961501
5 0.983293 0.000613931 0.0141446 0.0003636 0.00131098 0.000128986 0.000145332
2 0.000603046 0.0075789 0.000645345 0.0295141 0.00829389 0.944779 0.00858571
7 0.00465935 0.96841 0.00316689 0.000419818 0.00810596 0.0104677 0.0047707
1 0.0477519 0.000907069 0.937036 0.00206044 0.00706699 0.00234554 0.00283165
4 0.0117571 0.00494197 0.000714999 0.00559227 0.965861 0.0044858 0.00664684
3 0.0135396 0.000508145 0.000463776 0.00247613 0.00153771 0.00601533 0.975459
5 0.927174 0.00427132 0.0334322 0.00209465 0.0182531 0.00530187 0.00947243
2 0.00156044 0.00901591 0.00125201 0.0251631 0.00458731 0.951447 0.00697395
7 0.00473972 0.966827 0.00370333 0.00159994 0.00166049 0.0141649 0.00730457
6 0.00402475 0.00498567 0.00244107 0.944254 0.0173149 0.0213894 0.00559002
1 0.0480437 0.00420779 0.937383 0.0022209 0.00221591 0.00241706 0.00351151
4 0.00888022 0.00092651 0.000412713 0.000252993 0.988866 0.000354656 0.000306783
5 0.955465 0.00178392 0.0329548 0.00052176 0.00865317 0.000351771 0.000269308
2 0.0041663 0.0109162 0.00183404 0.01117 0.0100386 0.953602 0.00827304
6 0.00103199 0.000608891 0.000464601 0.988989 0.00261646 0.00567116 0.000618095
1 0.0401198 0.00187914 0.948129 0.000826044 0.00769189 0.000573158 0.000781461
4 0.0245573 0.00733727 0.00198312 0.00645084 0.9423 0.00457383 0.0127973
3 0.000554057 0.000197299 0.000409284 0.00897397 0.00157322 0.000736736 0.987555
2 0.0012499 0.0202673 0.000898017 0.0271521 0.00648701 0.939996 0.00394968
7 0.00417042 0.95817 0.00218099 0.00638876 0.00794584 0.0136583 0.00748592
6 0.00313382 0.000966221 0.00262006 0.968454 0.0153498 0.00184066 0.00763529
1 0.0377265 0.0182093 0.924022 0.00215606 0.0102454 0.00276092 0.00487984
1 0.0477535 0.000267576 0.949071 0.000462709 0.00218918 0.000110778 0.00014564
5 0.927381 0.0013749 0.0331512 0.000666621 0.036558 0.000489408 0.000378411
2 0.00180563 0.00616047 0.000945874 0.0260955 0.00625422 0.948752 0.00998673
7 0.000829155 0.970498 0.000252792 0.00702651 0.00520113 0.0140558 0.00213619
6 0.00388338 0.00665497 0.00275485 0.936636 0.0142365 0.0233993 0.0124354
1 0.0463268 0.00208278 0.934411 0.0014707 0.0105008 0.00240568 0.00280216
4 0.0405217 0.00116791 0.00327895 0.000367837 0.942052 0.000536464 0.0120755
3 0.0086224 0.001014 0.00318491 0.00702753 0.00722422 0.000827822 0.972099
5 0.95789 0.00124702 0.0218269 0.00141955 0.0149364 0.00114013 0.00153958
2 0.00573738 0.0185149 0.00209412 0.00553676 0.00493008 0.95981 0.00337686
7 0.000846743 0.969894 0.000622574 0.0051906 0.0057796 0.0139443 0.00372172
1 0.0474664 0.00618823 0.935227 0.00092506 0.00810361 0.000495844 0.0015942
5 0.911977 0.00673377 0.0357353 0.00274243 0.0291336 0.00525305 0.00842457
2 0.00439184 0.0205272 0.00234668 0.0214773 0.00577222 0.939399 0.00608618
7 0.00452043 0.967699 0.000923007 0.0027935 0.00423866 0.00726661 0.0125589
1 0.047779 0.00368609 0.938136 0.0011095 0.00687817 0.00177735 0.000633534
4 0.0280306 0.00442452 0.00315601 0.00405321 0.943698 0.00295845 0.0136792
3 0.00553817 0.00409518 0.00105378 0.0137032 0.00360597 0.00489956 0.967104
5 0.96405 0.000108731 0.0331382 0.000421001 0.00189725 0.000129096 0.000256
2 0.00110698 0.0210875 0.000948704 0.0255418 0.000695586 0.948083 0.00253605
7 0.00130992 0.967596 0.00134415 0.00408408 0.00167212 0.014215 0.00977886
6 0.000984321 0.000428082 0.0011351 0.987219 0.00215377 0.00526669 0.00281334
1 0.047995 0.00133289 0.937053 0.00220156 0.00545602 0.0026083 0.00335288
4 0.0156262 0.0043618 0.00109183 0.0136308 0.948086 0.00519938 0.0120044
3 0.0105891 0.00915165 0.00210387 0.00308171 0.00457403 0.00476541 0.965734
5 0.963802 0.000624647 0.0331124 0.000247227 0.00193367 9.41955e-05 0.000185789
5 0.897746 0.0105573 0.0282635 0.0026797 0.0342486 0.00883893 0.0176665
2 0.000795749 0.0196152 0.00024607 0.0175262 0.00113415 0.954908 0.00577467
7 0.0027715 0.968216 0.000634372 0.00415621 0.00439939 0.0138166 0.00600567
1 0.0477977 0.00094234 0.945311 0.00106602 0.00363668 0.000548931 0.00069711
3 0.0165976 0.00127977 0.00267966 0.00210304 0.00493286 0.00257211 0.969835
5 0.93381 0.00524216 0.0184696 0.000908006 0.0391517 0.00159963 0.000818988
2 0.000853562 0.0173174 0.000235688 0.0184653 0.00112335 0.961179 0.000825358
7 0.00104579 0.980131 0.00044429 0.00229066 0.00101214 0.0132422 0.00183341
1 0.0200997 0.00133578 0.971907 0.0018722 0.00270666 0.00116608 0.000912144
1 0.0478748 0.000373574 0.942879 0.00140551 0.00569034 0.0008434 0.000933091
4 0.00877676 0.00203852 0.000823833 0.00268014 0.970992 0.00511149 0.00957702
4 0.0299157 0.00339636 0.00873493 0.000609455 0.952587 0.00314928 0.00160764
3 0.00182396 0.000587092 0.000543373 0.00777125 0.00315937 0.00541401 0.980701
7 0.000649009 0.965663 0.00031024 0.00706499 0.00396705 0.0142431 0.008103
1 0.0467668 0.0144572 0.924235 0.00212674 0.00711385 0.0030167 0.00228338
1 0.0468339 0.00536223 0.930242 0.00168958 0.0101194 0.00307712 0.00267606
4 0.0403174 0.00680086 0.00496703 0.000487158 0.938669 0.00646274 0.00229618
3 0.0088663 0.00413613 0.00217738 0.0029741 0.00758685 0.00640217 0.967857
5 0.945669 0.0073266 0.0329196 0.00136077 0.00687509 0.00511012 0.000738379
2 0.000273825 0.0180392 0.000180546 0.00216569 0.00164407 0.977108 0.000588484
7 0.00787261 0.961065 0.00140147 0.0047254 0.00846352 0.0118319 0.0046399
6 0.00387392 0.00453721 0.0028519 0.952973 0.0051115 0.0161174 0.0145354
1 0.0478226 0.00250289 0.944382 0.00126057 0.00101972 0.00248508 0.000527537
1 0.0284202 0.000749127 0.967967 0.000687263 0.00133617 0.000597234 0.000243346
4 0.00488858 0.000279293 0.000329822 0.000219639 0.993904 0.000190094 0.000188115
3 0.00994834 0.0046143 0.0027358 0.0012011 0.00786366 0.00263152 0.971005
2 0.00112158 0.0185896 0.000685863 0.00977589 0.00116111 0.966891 0.00177516
6 0.00416805 0.0136834 0.00274869 0.93788 0.0130917 0.0244567 0.00397129
6 0.0019414 0.000354991 0.000543944 0.992393 0.00119352 0.00307507 0.000497724
1 0.0114291 0.00150848 0.981439 0.000707416 0.00445189 0.000387561 7.6621e-05
1 0.102239 0.000788613 0.888446 0.00148079 0.00535031 0.00123993 0.00045519
4 0.0130312 0.00318333 0.00249601 0.000638024 0.972322 0.00114786 0.00718143
4 0.0421929 0.00111116 0.00231585 0.00223555 0.94293 0.00213538 0.00707933
5 0.951412 0.00324509 0.0329541 0.000538099 0.0103617 0.00118765 0.000301177
5 0.933962 0.00876005 0.0332256 0.00139568 0.0174248 0.00265646 0.00257498
2 0.000958061 0.0199822 0.00207411 0.0185311 0.00278429 0.953036 0.00263433
7 0.00281177 0.959541 0.00131973 0.00933548 0.00622486 0.014629 0.00613849
6 0.00280067 0.00414893 0.00268741 0.941085 0.0139036 0.0203876 0.0149872
6 0.00322424 0.00328565 0.00232065 0.950574 0.00998183 0.0155482 0.0150652
1 0.047476 0.000445153 0.947907 0.00078929 0.0029442 0.000270583 0.000167766
1 0.0477906 0.000547359 0.948904 0.000653457 0.00146198 0.000414652 0.000228194
4 0.0119071 0.00304555 0.000935974 0.00624668 0.957072 0.0120633 0.00872895
3 0.00485563 0.00490883 0.000701204 0.00711615 0.00111071 0.00588076 0.975427
5 0.936934 0.00738939 0.0335669 0.00255148 0.0152788 0.00328795 0.000991165
2 0.00201266 0.00526592 0.00111419 0.0167407 0.000885699 0.966329 0.0076518
2 0.000109123 0.0180018 7.39788e-05 0.0011656 0.0002684 0.979688 0.000693272
7 0.00028581 0.970337 0.000144565 0.00757882 0.00257351 0.0134506 0.0056299
6 0.000865017 0.000331382 0.000895709 0.971084 0.00534002 0.00858868 0.0128951
1 0.0474487 0.00274438 0.937272 0.000813017 0.00823425 0.00260922 0.000878051
4 0.0439094 0.000336234 0.00140853 0.00140556 0.948091 0.00360173 0.00124747
3 0.00103011 0.00455138 0.000643648 0.00980367 0.00388745 0.00635027 0.973733
5 0.920029 0.0140552 0.0351927 0.00254215 0.0201862 0.00390687 0.00408776
5 0.994002 0.000150469 0.00359137 0.000842536 0.00110551 0.000220964 8.68481e-05
7 0.00429062 0.965428 0.00109238 0.00657366 0.00328978 0.0136731 0.00565267
1 0.0478333 0.000344006 0.947341 0.000762584 0.00289356 0.000482886 0.000343172
4 0.0433523 4.01247e-05 0.00444283 0.000546808 0.949386 0.000222184 0.00200945
5 0.945333 0.000304214 0.0336297 0.000679023 0.0194999 0.000215057 0.000338668
7 0.00221784 0.979859 0.000848181 0.00277546 0.000478814 0.0133106 0.000510489
6 0.00163596 0.000253412 0.000765904 0.979399 0.00516129 0.00587605 0.00690885
1 0.0459868 0.000836218 0.937284 0.00213266 0.0110386 0.00217583 0.000545919
1 0.0265347 0.0153006 0.938447 0.00229725 0.0134918 0.00310315 0.000825803
4 0.0255285 0.00164283 0.00366949 0.00245855 0.951681 0.00388209 0.0111372
3 0.00760909 0.00573365 0.00425114 0.00350456 0.00640648 0.00713485 0.96536
2 0.000167103 0.00102023 0.000101428 0.00503463 0.000114288 0.992913 0.000649116
6 0.00170848 0.00136823 0.0033696 0.965171 0.00427126 0.011122 0.0129892
1 0.0476287 0.000582547 0.946833 0.000861076 0.00304787 0.000654933 0.000391878
4 0.0222822 0.00321439 0.00124729 0.00060106 0.96488 0.0065847 0.00119015
3 0.0009641 0.000749683 0.000318184 0.0134018 0.000569074 0.00322347 0.980774
5 0.90936 0.00912151 0.0574727 0.00107531 0.0181395 0.00103289 0.00379809
2 0.00185643 0.00539075 0.00056645 0.00410365 0.00114495 0.985212 0.00172547
6 0.00472307 0.00145511 0.00241529 0.952815 0.0059941 0.0175645 0.0150325
1 0.0479625 0.00300958 0.936375 0.00170451 0.00238573 0.00325724 0.00530575
1 0.0478419 0.000621759 0.949474 0.000600824 0.000837716 0.000406979 0.000216838
4 0.00556318 0.00189167 0.000386134 0.0022329 0.9837 0.00443857 0.00178764
3 0.00526668 0.00398738 0.00239979 0.0102618 0.00784858 0.0048763 0.965359
2 0.00477559 0.0181181 0.00179086 0.00159609 0.00390922 0.968952 0.000858392
7 0.00387003 0.976228 0.000233602 0.00370009 0.00186269 0.0133618 0.000744058
6 0.000995945 0.00165393 0.000447299 0.970508 0.00229778 0.0179624 0.00613484
1 0.0478957 0.00516981 0.94061 0.00111865 0.00197777 0.00244691 0.000781016
3 0.00455443 0.00467295 0.00440904 0.00656305 0.00699388 0.00578688 0.96702
5 0.899531 0.0101735 0.0662676 0.00109523 0.0181283 0.000920055 0.00388418
2 0.000604548 0.0140802 0.00047258 0.0329902 0.00412215 0.94648 0.00125059
7 0.000530942 0.97036 0.0014686 0.00686244 0.00627592 0.0112262 0.00327551
1 0.000843002 0.00158142 0.994422 0.000769334 0.000715162 0.000535188 0.0011342
4 0.0416797 0.00593377 0.00447233 0.00245068 0.933552 0.00770776 0.00420422
3 0.0042363 0.0051576 0.00225641 0.0135468 0.00585672 0.00575091 0.963195
2 0.000458588 0.018863 0.000890335 0.0310418 0.00392861 0.94352 0.00129776
7 0.000448445 0.966242 0.000414419 0.00643064 0.00739277 0.01305 0.00602207
6 0.00142404 0.00393372 0.00115044 0.951439 0.00410388 0.0316782 0.00627039
1 0.00927278 0.000227884 0.989213 0.000410813 0.000289781 0.00032109 0.000264164
1 0.0336776 0.00539907 0.940227 0.00141048 0.0138959 0.00236695 0.00302331
4 0.0414782 0.00748296 0.00443439 0.00332294 0.934645 0.00334669 0.00528996
4 0.0432967 0.00304275 0.00454245 0.000270582 0.947887 0.000476244 0.000483758
5 0.913435 0.00446552 0.0189252 0.00284085 0.0437313 0.00430783 0.0122945
7 0.00049025 0.972021 0.000657179 0.00824958 0.0068636 0.0108171 0.00090149
1 0.00875521 0.00216927 0.978815 0.000915768 0.00509142 0.000706983 0.00354677
1 0.0259568 0.00292409 0.956724 0.00186631 0.00585333 0.00253089 0.00414488
3 0.00599637 0.00417202 0.00723971 0.0070154 0.0080084 0.00211687 0.965451
5 0.92439 0.00274539 0.0276669 0.00074113 0.0395926 0.000944271 0.00391923
2 0.000631845 0.0131988 0.00161906 0.0331095 0.0026183 0.947715 0.00110724
7 0.000969509 0.971579 0.00130093 0.00877314 0.00163895 0.0136409 0.00209781
1 0.0234991 0.000577175 0.965049 0.000749472 0.00683032 0.000256023 0.00303859
4 0.0330628 0.00667679 0.00454215 0.000717247 0.950639 0.00153413 0.00282824
3 0.00409856 0.00479307 0.0019158 0.00820215 0.00776994 0.00288085 0.97034
5 0.951982 0.00155919 0.0335763 0.000416354 0.0104115 0.000560317 0.00149449
5 0.936361 0.00639828 0.0133249 0.00160211 0.038869 0.00181867 0.00162641
2 0.00117841 0.0211473 0.00039766 0.0228316 0.00464877 0.9472 0.00259621
7 0.000418197 0.9819 0.00107186 0.00636749 0.00628734 0.00280223 0.00115276
3 0.00206956 0.000896602 0.00688906 0.00611401 0.00699972 0.00106875 0.975962
2 0.000243177 0.0100216 0.000390547 0.0328253 0.00373835 0.952064 0.000717435
7 0.00405296 0.977655 0.00241733 0.00214407 0.00631662 0.00272538 0.00468886
1 0.0480301 0.00631746 0.927911 0.00240041 0.00804032 0.00239314 0.00490774
4 0.027473 0.00332825 0.00763791 0.000426116 0.956335 0.00102474 0.00377508
2 0.000581965 0.00598163 0.000925131 0.0325164 0.00316507 0.954107 0.00272254
7 0.000282828 0.992188 0.000368805 0.00296774 0.00112506 0.00250455 0.000563383
6 0.00415412 0.00654058 0.00300271 0.937624 0.0104754 0.0231683 0.0150344
1 0.0337213 0.00747078 0.951206 0.000888117 0.00569239 0.000480067 0.000541229
1 0.047789 0.00209179 0.946798 0.000511024 0.00128423 0.000659471 0.000866072
4 0.000701803 0.00103997 0.000929065 0.00682485 0.981107 0.00114121 0.00825611
2 0.00101575 0.00956963 0.00163823 0.0330044 0.00367759 0.948657 0.00243785
7 0.000867412 0.978749 0.000906137 0.00692131 0.00262591 0.00914906 0.000781261
6 0.00235956 0.000986129 0.00282377 0.975004 0.00663032 0.00289415 0.00930179
1 0.00869373 0.000938695 0.980169 0.000727243 0.00846362 0.000374286 0.000633727
1 0.00141873 0.00528953 0.99016 0.000536744 0.00070679 0.00104694 0.000840913
4 0.0405949 0.00806079 0.00278045 0.00250266 0.938996 0.00140401 0.0056615
5 0.897649 0.00903668 0.0287052 0.00258653 0.0455846 0.00437179 0.0120665
2 0.000352495 0.0111334 0.000454972 0.0316372 0.00335906 0.951803 0.00125976
7 0.00378162 0.959143 0.00119299 0.0116562 0.00607131 0.0148471 0.00330783
6 0.00292558 0.00633318 0.00263279 0.948253 0.00604805 0.0248701 0.00893724
1 0.0320268 0.00362279 0.937007 0.0028652 0.0137978 0.0022773 0.00840334
4 0.0437355 0.00363505 0.00357261 0.00234594 0.940352 0.00253646 0.00382273
2 0.000294567 0.0142513 0.000199591 0.0330368 0.00366261 0.94692 0.0016354
7 0.000253458 0.972647 0.000114141 0.00873171 0.00215137 0.0136987 0.00240372
7 0.000464162 0.974 0.00010898 0.00433355 0.00590283 0.0133853 0.00180528
1 0.047844 0.00212195 0.937866 0.00128248 0.00515621 0.00157832 0.00415146
3 0.0143264 0.00413354 0.00495099 0.00047642 0.00726787 0.00199017 0.966855
5 0.945559 0.000368221 0.0332795 0.000601097 0.0187254 0.000492246 0.00097496
2 0.00271872 0.0180234 0.00316803 0.000410508 0.00493393 0.968069 0.00267629
7 0.0078804 0.972787 0.00698942 0.000240465 0.0066649 0.0014224 0.00401561
6 0.00366498 0.00129474 0.00281841 0.954088 0.00878493 0.0148843 0.0144648
1 0.00146522 0.000106632 0.997556 0.00046239 3.49892e-05 0.000188981 0.000185828
3 0.0160959 0.000348731 0.0042571 0.00196647 0.00210516 0.00403395 0.971193
3 0.0137171 0.00255616 0.00462021 0.00164636 0.00251915 0.00716555 0.967775
2 0.00442365 0.000993862 0.00231814 0.00179451 0.00508905 0.977709 0.00767159
7 0.00641646 0.966684 0.00355026 0.000618493 0.00247303 0.0139235 0.00633415
6 0.00367228 0.000417648 0.0028386 0.956642 0.0064128 0.0156337 0.0143828
1 0.0477976 0.000975644 0.941556 0.00218419 0.00302608 0.0034673 0.000993131
4 0.0311482 0.00026937 0.00878476 0.000228074 0.95892 0.000283078 0.000366723
3 0.00866117 0.00773665 0.00670721 0.00366006 0.00219224 0.00709104 0.963952
5 0.962032 0.000312169 0.033003 0.00073116 0.00333232 0.000467386 0.000121948
2 0.00206317 0.0067483 0.000703469 0.00189924 0.00453593 0.978704 0.00534608
2 0.000480249 0.00201511 0.000511113 0.0250273 0.000729198 0.969927 0.00130987
7 0.00776095 0.961086 0.00550399 0.00256735 0.00739855 0.0116991 0.00398402
6 0.00287988 0.00041083 0.00280303 0.959292 0.00830793 0.0121609 0.0141458
1 0.0479217 6.66571e-05 0.947365 0.000548187 0.00386503 0.000145745 8.79423e-05
1 0.0477472 0.000549609 0.947821 0.0008666 0.00139297 0.00123119 0.000390966
4 0.0261774 0.000722431 0.00642924 0.000270012 0.96483 0.00036146 0.00120919
3 0.00450846 0.00240136 0.00281678 0.00644187 0.00451124 0.00305511 0.976265
5 0.938405 0.000341909 0.0338915 0.00163647 0.0201552 0.000596473 0.00497331
2 0.00233563 0.0177546 0.00254067 0.0132719 0.00371897 0.949632 0.0107461
6 0.000402271 5.34792e-05 0.000938314 0.995937 0.0010298 0.00059786 0.00104108
1 0.0468875 0.000107096 0.945671 0.00029474 0.00677329 5.7578e-05 0.000208945
1 0.0227417 0.000130069 0.963903 0.00103157 0.0112752 0.000313589 0.000604884
3 0.00291857 0.00433165 0.000872483 0.0034477 0.00262776 0.00489488 0.980907
5 0.936173 0.00197134 0.0333552 0.00259671 0.0188025 0.00495807 0.00214362
5 0.980577 0.0006332 0.0121017 0.00142942 0.00427399 0.000486493 0.000497969
2 0.00374841 0.00811266 0.00265879 0.0102082 0.0123486 0.956395 0.00652789
2 0.000313128 0.00523931 0.000266119 0.030839 0.0013606 0.957452 0.00453001
7 0.0014004 0.973059 0.00181651 0.00140009 0.00428555 0.0136297 0.00440832
6 0.000282315 8.3056e-05 0.000405037 0.988354 0.00200916 0.00679436 0.00207191
1 0.0471414 0.000137098 0.942496 0.00092067 0.00897579 0.000217831 0.000110969
4 0.0222993 0.000373756 0.00343727 0.000410107 0.969575 0.000332445 0.00357199
3 0.0131055 0.00153878 0.0041017 0.0025156 0.00583971 0.00718046 0.965718
5 0.9609 0.000306733 0.00692139 0.00297252 0.022574 0.00230601 0.0040193
2 0.000442022 0.00385973 0.000595663 0.0128351 0.00203325 0.971247 0.0089874
2 0.00195065 0.0133634 0.0010907 0.00837062 0.00521139 0.959772 0.0102408
6 0.000263813 3.67001e-05 0.000335007 0.992827 0.00219076 0.00125618 0.00309016
1 0.039115 0.00485567 0.930585 0.00191576 0.0146532 0.00338538 0.00549031
1 0.0203698 0.000293896 0.977278 0.000525058 0.00106751 0.00024984 0.000216201
4 0.0246314 0.000295909 0.00531961 0.000491389 0.968385 0.000414143 0.000462358
3 0.00761719 0.0077417 0.00348125 0.00123678 0.0036139 0.00666711 0.969642
5 0.931161 0.00020176 0.0410836 0.000842333 0.0258131 0.000276251 0.000621515
2 0.00295408 0.00617006 0.00130617 0.00220125 0.00148086 0.978003 0.00788413
1 0.0477932 0.000134282 0.948191 0.000546341 0.0031745 0.000124232 3.65813e-05
4 0.0248941 0.00125038 0.0058395 0.0011713 0.960377 0.00278826 0.00367924
3 0.00351058 0.00558779 0.0042119 0.00549253 0.00218895 0.0059316 0.973077
5 0.953381 0.000625086 0.0330291 0.00117034 0.00959658 0.000348739 0.0018494
5 0.924109 0.00100687 0.0496807 0.00102357 0.0185022 0.000964044 0.00471321
2 0.000761969 0.0120233 0.00104213 0.00576906 0.00441446 0.96675 0.00923874
7 0.00398165 0.957105 0.00287125 0.00364769 0.00298712 0.0178867 0.0115205
6 0.00366407 0.000905754 0.00297885 0.961509 0.00641978 0.0115409 0.0129817
1 0.0469344 0.000249632 0.944821 0.00122 0.00535927 0.000919785 0.000496287
4 0.033581 0.000268913 0.00939067 0.000278505 0.955614 0.000525349 0.00034139
3 0.005182 0.00112545 0.00106933 0.0061124 0.000554294 0.00565621 0.9803
5 0.771684 0.00029008 0.203838 0.00114846 0.0180697 0.000425406 0.00454475
2 0.00460838 0.0181705 0.00266375 0.00158761 0.00838437 0.958277 0.00630876
2 0.00501207 0.00370676 0.00140834 0.0138075 0.00510704 0.961384 0.00957391
1 0.0442755 8.93533e-05 0.946177 0.000933587 0.00779047 0.000405396 0.000328839
4 0.01818 0.000303387 0.00475995 0.00031548 0.969765 0.000420621 0.00625523
3 0.00853667 0.00558212 0.00542544 0.00165333 0.00680107 0.00503043 0.966971
5 0.944293 0.000193556 0.0332478 0.0015152 0.0174223 0.000442195 0.00288653
2 0.00123531 0.00236681 0.00088939 0.0238363 0.000615623 0.959958 0.0110982
6 0.00392029 0.00283371 0.00279266 0.954503 0.00666351 0.0150694 0.0142178
6 0.00118683 0.000214382 0.00053207 0.968115 0.00345798 0.0207758 0.00571813
1 0.0304535 0.000374075 0.960354 0.000925057 0.00651181 0.00106708 0.000314241
1 0.00887299 7.90895e-05 0.9835 0.000445327 0.00674063 0.000236557 0.000124914
