labels 5 7 1 6 4 2 3
5 0.87902 0.00909099 0.0275073 0.00346057 0.0676257 0.00435538 0.00894021
7 0.00613051 0.980575 0.00163252 0.00279896 0.0023729 0.00524302 0.00124724
1 0.0362578 0.00105909 0.952742 0.000883376 0.00599639 0.000279168 0.00278241
5 0.893137 0.00371196 0.0202087 0.00184327 0.0671372 0.00630222 0.00765985
7 0.00132527 0.994108 0.000746717 0.00100716 0.000349117 0.00194372 0.000520403
6 0.00233738 0.004404 0.00230794 0.893119 0.00383355 0.0927095 0.00128839
1 0.0460448 0.00302966 0.922414 0.00244877 0.0160714 0.00277054 0.00722066
1 0.00661296 0.000671778 0.986146 0.000741255 0.00118188 0.000794849 0.00385114
4 0.0686089 0.00122694 0.00491134 0.000320738 0.923846 0.000679705 0.000406539
5 0.910719 0.00894231 0.00606797 0.00106464 0.0665218 0.00258542 0.00409883
2 0.00478342 0.00831971 0.00235399 0.0207731 0.00708194 0.953556 0.0031319
7 0.00545933 0.98872 0.00145168 0.000618593 0.00131422 0.00208269 0.000353096
6 0.00197587 0.00464967 0.00152373 0.518083 0.00265852 0.470576 0.00053291
1 0.0142923 0.00642554 0.96885 0.00238315 0.00324026 0.00416101 0.000647714
4 0.0558019 0.000989562 0.0134242 0.00235442 0.913409 0.00185053 0.0121708
5 0.882972 0.0100662 0.0278623 0.00328897 0.0678248 0.00341968 0.00456597
7 0.00405308 0.965602 0.00261067 0.00761912 0.00469753 0.0073818 0.00803611
6 0.00242021 0.0100136 0.00264503 0.880221 0.00431768 0.0912852 0.00909709
1 0.0276645 0.00184744 0.949286 0.00285837 0.0127704 0.00200696 0.00356664
1 0.0127114 0.000676196 0.985036 0.00047336 0.000719512 0.000280676 0.000102318
5 0.90427 0.00338924 0.0128596 0.00290075 0.0669237 0.00238941 0.00726731
5 0.890009 0.00361403 0.0215968 0.00277374 0.0670305 0.00570242 0.0092737
2 0.000561532 0.0166019 0.000722617 0.0653986 0.00287641 0.911593 0.00224575
7 0.00102648 0.989209 0.0010606 0.00181006 0.00442355 0.00200331 0.000467187
1 0.0525781 0.000355016 0.943104 0.000421214 0.00330671 0.000210208 2.51838e-05
5 0.895851 0.00421526 0.0201969 0.00337093 0.066828 0.00273928 0.00679902
2 0.00199927 0.00414402 0.00109827 0.060883 0.00217275 0.908966 0.0207371
7 0.00302102 0.986115 0.00181052 0.000969531 0.000942445 0.00493028 0.00221095
6 0.00323245 0.00488569 0.00250738 0.875737 0.00568162 0.0882331 0.0197225
1 0.193486 0.00877401 0.780082 0.00213396 0.00670583 0.00281943 0.00599918
1 0.0512678 0.0121954 0.921238 0.00176735 0.0082101 0.0028108 0.00251046
4 0.0532425 0.00334298 0.0147146 0.000930245 0.919231 0.00123842 0.00730051
2 0.00240912 0.023837 0.00222118 0.0583496 0.00445876 0.900946 0.00777819
7 0.00351886 0.971082 0.0014236 0.00816869 0.00451089 0.0063823 0.00491389
6 0.000594693 0.000225802 0.000529313 0.970944 0.00202338 0.0127321 0.0129504
1 0.0391886 0.00543549 0.929784 0.00194638 0.016401 0.00324109 0.00400307
7 0.00732191 0.972839 0.00323134 0.00460436 0.00479548 0.00498409 0.0022237
6 0.00239327 0.00423994 0.0028044 0.878948 0.00421804 0.0893334 0.0180634
1 0.0111747 0.00192683 0.982755 0.000888519 0.00158582 0.00098591 0.00068369
2 0.00516851 0.0132009 0.00168047 0.0380796 0.00335219 0.926475 0.0120438
7 0.00542245 0.97788 0.00203013 0.00221188 0.00397312 0.00588915 0.00259312
6 0.0032531 0.00416604 0.00141729 0.887681 0.00204101 0.0923291 0.00911213
1 0.0485224 0.00374406 0.924688 0.00254557 0.0146114 0.00262087 0.00326764
4 0.0750141 0.000305495 0.0146815 0.000738737 0.902165 0.000599812 0.00649525
3 0.00432985 0.00205515 0.00100345 0.00409618 0.0063095 0.00677099 0.975435
7 0.00264361 0.979019 0.00130044 0.00296256 0.00213595 0.00583739 0.00610071
7 0.0064483 0.972591 0.00178393 0.00225509 0.00662433 0.00613661 0.00416096
1 0.0184066 0.00176584 0.966252 0.00126496 0.00784658 0.00281509 0.00164921
1 0.0209111 0.000256799 0.976972 0.000363255 0.000846892 0.00033904 0.00031051
4 0.0591902 0.00736751 0.0137553 0.00120455 0.911542 0.00159748 0.00534249
5 0.899291 0.00395663 0.0139616 0.00570248 0.0499854 0.00261272 0.0244899
2 0.00722512 0.00713311 0.00287223 0.00991641 0.00468834 0.962527 0.00563826
7 0.00711054 0.977785 0.00201903 0.000987048 0.00319533 0.00601294 0.00289035
1 0.0512906 0.00179086 0.93031 0.000942966 0.0109256 0.000860778 0.00387893
1 0.0328529 0.000255741 0.961785 0.00158541 0.00248022 0.000219606 0.000820715
4 0.0596756 0.000595683 0.0141221 0.000202666 0.923364 0.000291614 0.00174832
4 0.0676011 0.000455526 0.00743604 0.000869888 0.922376 0.000348673 0.000913171
5 0.906868 0.0045911 0.00805261 0.00184878 0.0664317 0.00212592 0.0100819
2 0.00732428 0.00764826 0.00450393 0.00867925 0.00364206 0.961132 0.00707072
7 0.00859542 0.972399 0.00174716 0.00028534 0.00491638 0.0057605 0.00629629
6 0.00497737 0.00188445 0.0031546 0.938614 0.00709889 0.0263835 0.0178869
1 0.0409189 0.000471228 0.954141 0.00121067 0.000513899 0.00129923 0.00144511
5 0.900345 0.0102597 0.0275189 0.000664147 0.0420939 0.00482043 0.014298
2 0.00576364 0.00516007 0.00245389 0.0165487 0.00275633 0.965035 0.00228193
7 0.00605499 0.976326 0.00226155 0.000745445 0.00685682 0.00263643 0.00511841
6 0.00190565 0.00038064 0.00126457 0.968432 0.00646339 0.012891 0.00866257
1 0.0505387 0.000945417 0.934079 0.00127763 0.0122706 0.000523973 0.000364767
5 0.906202 0.0091918 0.0397625 0.000729764 0.0398238 0.00204922 0.00224095
2 0.00815033 0.0112914 0.004219 0.0183348 0.00545597 0.938511 0.014037
7 0.00265062 0.979243 0.00179894 0.00424584 0.00141537 0.00582651 0.0048198
6 0.00193365 0.000446286 0.00222161 0.963628 0.00147443 0.0141344 0.016162
1 0.0516037 0.00142764 0.935066 0.000610641 0.0106189 0.000409264 0.00026394
5 0.971624 0.006405 0.00514621 0.00238646 0.00980314 0.0035041 0.00113062
2 0.00353208 0.010513 0.00122433 0.0353066 0.00199505 0.940714 0.00671466
7 0.00749811 0.974848 0.00181708 0.00120051 0.0040803 0.00600899 0.00454659
6 0.000903616 0.000121561 0.000486405 0.971461 0.00125781 0.0188012 0.00696882
6 0.00403461 0.000611073 0.00216647 0.950302 0.0111786 0.0216304 0.0100764
1 0.0525381 0.000600255 0.944281 0.000949922 0.00129313 0.000241705 9.62077e-05
4 0.0412592 0.00138165 0.01003 0.000817183 0.940839 0.000581885 0.00509163
5 0.893124 0.0234766 0.020047 0.00126917 0.0505573 0.00507157 0.00645438
5 0.930394 0.00383321 0.0430525 0.00131451 0.0191355 0.00157438 0.00069634
2 0.00835304 0.00675522 0.0046374 0.0212189 0.00629854 0.937829 0.0149081
7 0.00928275 0.974914 0.0053005 0.000660606 0.00438409 0.000689493 0.00476902
1 0.0523871 0.00211027 0.929351 0.00170617 0.00872347 0.000959157 0.00476299
5 0.973518 0.00432181 0.017956 0.000844117 0.00306673 0.000218569 7.4999e-05
2 0.0063933 0.00528769 0.00268492 0.016873 0.00133475 0.955321 0.0121056
7 0.00889404 0.978176 0.00287836 0.000903278 0.00393164 0.00377369 0.00144268
6 0.00301167 0.000470844 0.00262989 0.971755 0.00361109 0.00897604 0.00954567
1 0.0514506 0.000246497 0.945027 0.00105522 0.000892236 0.00036213 0.000966446
5 0.916274 0.00643029 0.0382719 0.00256891 0.010749 0.00655936 0.0191469
2 0.00271203 0.00476462 0.00182394 0.0164623 0.000712175 0.966016 0.00750863
7 0.00946645 0.971679 0.00627736 0.00177751 0.00417727 0.00432074 0.0023013
6 0.00439552 0.00163613 0.00372266 0.948236 0.00831563 0.0173857 0.0163087
1 0.0529539 0.00369909 0.925349 0.00253154 0.00728563 0.00263659 0.00554445
4 0.0479825 0.00140517 0.0131454 0.00208875 0.930151 0.000584889 0.00464248
5 0.98477 0.000438796 0.0101823 0.000251791 0.00399165 0.000216069 0.000149452
2 0.00871791 0.00632541 0.0029184 0.0310863 0.00520863 0.93095 0.0147934
7 0.00883838 0.974753 0.00256431 0.001708 0.00401101 0.00452161 0.00360385
6 0.00540323 0.00101267 0.00336142 0.946091 0.00816838 0.0186686 0.017295
1 0.0331132 0.00141247 0.95483 0.00088046 0.00642873 0.000588501 0.00274639
1 0.00513916 0.0006502 0.989492 0.00082499 0.00107933 0.000329829 0.00248424
4 0.0673145 0.00024647 0.00863672 0.000507712 0.920456 0.000174041 0.00266493
5 0.971691 0.00324469 0.0175289 0.000490603 0.00588655 0.000276987 0.000881198
2 0.00393135 0.00804607 0.00153033 0.0137421 0.00354812 0.959815 0.00938743
7 0.00681429 0.984057 0.00168263 0.000469788 0.00402797 0.00250305 0.000445226
6 0.004791 0.00101479 0.00188211 0.91055 0.00633274 0.0517598 0.02367
1 0.0525492 0.00356292 0.930302 0.00164834 0.00592639 0.0027617 0.00324933
3 0.00665179 0.00127516 0.00506957 0.0013591 0.00312872 0.00176138 0.980754
5 0.916815 0.00127408 0.0433291 0.00297048 0.0324138 0.00141242 0.0017849
7 0.00320314 0.973878 0.00310462 0.00459545 0.00504147 0.00616821 0.00400875
1 0.00591344 0.00117988 0.990393 0.000586545 0.000344016 0.000136246 0.00144676
3 0.00919938 0.000167652 0.00615638 0.00216146 0.0038302 0.00328053 0.975204
3 0.0100098 0.0013238 0.00589878 0.00120006 0.00338605 0.00125987 0.976922
2 0.00363536 0.00480869 0.00248703 0.00807939 0.00524234 0.974015 0.00173266
1 0.0423964 0.00339198 0.927254 0.00270725 0.00936501 0.00276857 0.0121166
5 0.920603 0.00097091 0.0433769 0.00120872 0.0326578 0.000568162 0.000614955
2 0.0015666 0.00193925 0.000955241 0.0110198 0.00321742 0.979733 0.00156845
7 0.00434817 0.976969 0.00253353 0.00199885 0.00716869 0.00317412 0.00380717
1 0.0155352 0.000706893 0.976637 0.000770201 0.00252713 0.000480957 0.00334232
3 0.00595553 0.000150048 0.00588919 0.00100616 0.00618769 0.00173314 0.979078
2 0.00434026 0.00897918 0.00348582 0.0393632 0.0056438 0.93322 0.00496736
7 0.00312005 0.985251 0.00276374 0.00178935 0.000959121 0.00516272 0.000953867
6 0.00568277 0.00474861 0.00259869 0.923822 0.00827963 0.0493641 0.00550454
1 0.0127562 0.00018748 0.983067 0.000419785 0.00239966 0.000167407 0.00100207
1 0.0523146 0.000389479 0.943959 0.000488904 0.00227373 0.00010161 0.000472184
3 0.0113972 0.00098587 0.00284588 0.000854516 0.0020629 0.00616909 0.975685
7 0.00210425 0.976893 0.0020472 0.00125297 0.00703019 0.005539 0.00513384
6 0.00529053 0.00347557 0.00253582 0.872345 0.0165417 0.0879145 0.011897
1 0.0329958 0.000264259 0.964635 0.000730949 0.00121211 8.83887e-05 7.39e-05
1 0.0520972 0.00693129 0.920839 0.00224215 0.00904457 0.00409469 0.00475124
3 0.00680155 0.000338684 0.00495774 0.00108965 0.00407805 0.000358973 0.982375
7 0.00433131 0.986534 0.00476913 0.00034165 0.00132789 0.00159281 0.00110342
1 0.052111 0.00121077 0.94272 0.000533737 0.0031123 0.000245299 6.67643e-05
7 0.00400982 0.983117 0.0028349 0.00126642 0.00196374 0.00283888 0.00396936
6 0.00384869 0.00386751 0.00249911 0.884547 0.00661177 0.0920405 0.00658578
1 0.037815 0.0044058 0.93036 0.00225101 0.0160145 0.00258486 0.00656929
1 0.0525589 0.00119246 0.942547 0.000870277 0.00107007 0.000888482 0.00087244
3 0.00801815 0.000985268 0.00579496 0.000728828 0.00490464 0.00210722 0.977461
5 0.93471 0.000334626 0.0423735 0.00139379 0.0194051 0.00022309 0.00155949
5 0.914542 0.000842393 0.043323 0.00201123 0.0324303 0.000890983 0.00595955
2 0.00656639 0.0160388 0.00448369 0.0605353 0.00538523 0.8957 0.0112908
7 0.00487155 0.96889 0.0060654 0.0020669 0.00650478 0.00616304 0.00543828
6 0.00505141 0.00520845 0.00368561 0.872741 0.0110909 0.0893456 0.0128775
1 0.0511592 0.000950759 0.936481 0.00123512 0.00488687 0.000751039 0.00453564
3 0.00163738 0.000373575 0.000709464 0.00262013 0.00104891 0.00197027 0.99164
7 0.00282628 0.973604 0.00114875 0.00865791 0.00234344 0.00624162 0.00517831
1 0.0295222 0.00233463 0.95205 0.000910476 0.00343707 0.000875211 0.0108703
4 0.0674419 0.00529076 0.00552067 0.00100023 0.917671 0.00201469 0.00106042
7 0.0032983 0.984002 0.000709883 0.00254337 0.00338974 0.0052533 0.000803764
1 0.0499562 0.000291785 0.944297 0.000790062 0.00293817 0.000150412 0.00157611
4 0.00643921 0.000784872 0.000476656 0.00955601 0.974666 0.00140712 0.00667044
7 0.000250953 0.974842 0.000266048 0.0119982 0.00310116 0.00686492 0.00267669
1 0.0179394 0.00454951 0.949647 0.00434438 0.0111137 0.00323402 0.00917174
4 0.00232995 0.000207429 0.00108953 0.0017386 0.983412 0.000242656 0.0109797
5 0.881359 0.00142756 0.0436368 0.000852819 0.0599606 0.000398239 0.0123647
2 0.00189932 0.00602418 0.000797105 0.0189973 0.00495189 0.962765 0.00456506
7 0.00264475 0.966407 0.00167699 0.00903602 0.00458777 0.00649588 0.00915134
1 0.02719 0.00615439 0.93799 0.00369707 0.012266 0.00317592 0.00952698
5 0.908316 0.00998443 0.0101776 0.00121154 0.0661233 0.0015542 0.00263313
7 7.94187e-05 0.983689 9.51439e-05 0.00868042 0.00152642 0.00576315 0.00016629
1 0.0253509 0.00307943 0.934337 0.00636813 0.0142793 0.00283918 0.0137465
1 0.0384672 0.0002023 0.956993 0.000384241 0.00376771 7.98355e-05 0.000105373
4 0.0531803 0.00123141 0.0121275 0.000706561 0.916317 0.00156554 0.0148713
2 0.00157361 0.0165053 0.00184791 0.0519521 0.00329103 0.915411 0.00941866
6 0.00201351 0.00766336 0.00299192 0.874911 0.0174101 0.079501 0.0155092
1 0.0248031 0.00209801 0.941716 0.00391834 0.0137556 0.00279345 0.0109157
4 0.000586048 4.41063e-05 4.84561e-05 0.00162882 0.986694 0.000151641 0.0108471
4 0.00172419 0.00345896 0.00046308 0.00754969 0.974897 0.000773529 0.0111339
2 0.00282975 0.0121269 0.00187472 0.0455617 0.00580801 0.925465 0.00633421
6 0.0038845 0.0204194 0.00321284 0.900757 0.0194029 0.0484965 0.00382711
1 0.00931412 0.00371161 0.966428 0.00346039 0.00929779 0.00280662 0.0049813
4 0.0154504 0.00084839 0.00465749 0.0012626 0.967731 0.000869224 0.00918061
3 0.0031231 0.00219782 0.00219509 0.00350488 0.00937381 0.00204578 0.97756
5 0.894371 0.0163797 0.0422414 0.00315111 0.0333354 0.00496401 0.00555747
2 0.00304498 0.00575819 0.00203839 0.0151091 0.00374022 0.968989 0.00132045
4 0.0148863 0.00164103 0.00655611 0.00117669 0.964755 0.00032665 0.0106586
2 0.00425641 0.0109621 0.00172799 0.0424873 0.00578587 0.929946 0.00483448
7 0.000687162 0.979952 0.00107568 0.00509274 0.00527903 0.00566496 0.00224837
1 0.00253324 5.85554e-05 0.994908 0.00036349 0.00124997 0.000180185 0.000707026
2 0.000999543 0.00780138 0.000589381 0.0642496 0.000533377 0.924063 0.00176401
6 0.000964857 0.00250797 0.000718058 0.890922 0.00959495 0.0903023 0.00498975
1 0.00529872 0.000252891 0.976489 0.00165006 0.00365401 0.000426923 0.0122284
4 0.00030701 0.00285133 0.000153753 0.00885775 0.981806 0.00311577 0.00290843
2 0.00163572 0.0136863 0.00100807 0.0643916 0.000795784 0.915457 0.00302581
1 0.0520194 0.000365211 0.927656 0.00314746 0.0078534 0.00226807 0.00669046
5 0.932246 0.00485469 0.0431705 0.000987038 0.0178064 0.000538506 0.000397303
2 0.00160754 0.0143337 0.000675553 0.0501661 0.00192688 0.930363 0.000927464
1 0.0518739 0.00107618 0.941145 0.000727815 0.00429753 0.00049633 0.000383334
4 0.00676069 0.00508903 0.00162131 0.0044261 0.972273 0.0019823 0.00784753
4 0.00179132 0.00344523 0.000253381 0.00668478 0.983807 0.00320035 0.000817504
2 0.00273122 0.00372978 0.00199213 0.0768093 0.00358392 0.909505 0.00164823
7 0.000355287 0.986063 0.000351866 0.00737767 0.000772019 0.00494439 0.000135921
1 0.0524664 0.000773321 0.935232 0.000430587 0.00567568 0.00119837 0.0042235
3 0.00491217 0.00401294 0.00142497 0.00105171 0.00578747 0.0024283 0.980382
5 0.923797 0.00327823 0.0431227 0.0011259 0.0243909 0.00340329 0.000882129
2 0.00157417 0.0124357 0.000779247 0.0686361 0.00105901 0.911382 0.00413364
7 0.000399521 0.989866 0.000494473 0.00242153 0.00173555 0.00454248 0.000540763
6 0.00217005 0.0044944 0.00251927 0.887773 0.00387554 0.0923108 0.00685719
1 0.0146433 8.9396e-05 0.975952 0.00077048 0.000475787 0.000838652 0.00723042
4 0.0651362 0.00886837 0.00187865 0.00168447 0.916375 0.00538635 0.000670668
5 0.881508 0.0236114 0.0235148 0.00421575 0.0466706 0.012369 0.00811089
7 6.74433e-05 0.986363 5.37287e-05 0.007564 0.000765146 0.00506305 0.000123875
1 0.0525377 0.000391323 0.942526 0.000537884 0.00103277 0.00179388 0.00118021
4 0.0364034 0.0116414 0.0098772 0.00426694 0.919947 0.00579296 0.0120707
5 0.906603 0.00386951 0.045282 0.00191116 0.0348278 0.0022234 0.00528272
5 0.923125 0.00184412 0.0438611 0.0013346 0.0255203 0.00122484 0.00309041
2 0.00111152 0.00537403 0.00202557 0.0764899 0.00307271 0.907866 0.00406058
7 0.0031006 0.971778 0.00251492 0.00968119 0.00458889 0.00499834 0.00333786
6 0.000926206 0.00191584 0.00130521 0.895297 0.000411704 0.0914666 0.00867791
1 0.017852 0.00458645 0.945299 0.00335819 0.0121407 0.0033025 0.0134611
4 0.0684813 0.00146584 0.00487167 0.000411691 0.923121 0.000581631 0.00106662
2 0.00134007 0.00450724 0.00124473 0.0760572 0.0018992 0.912304 0.00264755
6 0.00284394 0.0229995 0.00295453 0.886166 0.0104512 0.0661438 0.00844103
1 0.0526369 0.000240546 0.945019 0.000633891 0.000982095 0.000403468 8.37261e-05
4 0.0136174 0.00651086 0.00309451 0.00273811 0.962374 0.00449946 0.00716567
3 0.00202704 0.00181124 0.000934833 0.00723075 0.00995516 0.00222999 0.975811
5 0.876618 0.0063528 0.0432518 0.00299147 0.0605885 0.00410848 0.00608947
2 0.00290646 0.0041496 0.00207419 0.0750191 0.0024865 0.901195 0.0121695
7 0.00225367 0.986456 0.0012252 0.00155659 0.0066982 0.00077064 0.0010393
1 0.0524717 0.0014503 0.941363 0.00067189 0.00232091 0.000876966 0.000845344
4 0.0441158 0.0137469 0.0076152 0.00538454 0.919917 0.00414758 0.00507329
5 0.881519 0.00500706 0.0400187 0.00305325 0.0644691 0.000970111 0.00496249
7 0.000346343 0.997186 0.00155343 0.000153573 0.000286229 0.000371983 0.000102372
6 0.00192775 0.00651752 0.00241013 0.889851 0.0014761 0.0923319 0.00548554
1 0.0524176 0.00418629 0.934315 0.000574805 0.00505639 0.00183572 0.00161371
5 0.902719 0.00821643 0.0437113 0.00297842 0.0330462 0.00338515 0.00594339
2 0.000648668 0.0125334 0.00221076 0.0729652 0.00293838 0.904265 0.00443877
7 0.0012266 0.981397 0.00132909 0.00649277 0.0032114 0.005339 0.00100416
6 0.000624248 0.000755496 0.000762348 0.89305 0.00124513 0.0902052 0.0133577
1 0.0361333 0.00448807 0.926369 0.0027359 0.0161762 0.00279597 0.0113015
1 0.0359753 0.00317526 0.927835 0.00349728 0.00669402 0.003821 0.0190026
4 0.0275269 0.00725197 0.00290362 0.00523064 0.942074 0.00722437 0.00778849
5 0.874281 0.0109476 0.0414187 0.00391011 0.0608877 0.00424385 0.00431142
2 0.000813703 0.00586318 0.000595708 0.0762572 0.00139912 0.909454 0.00561676
7 0.000253095 0.995486 0.000285202 0.000628188 0.00109515 0.00192304 0.000329331
6 0.00094089 0.00142297 0.000869508 0.918409 0.00403385 0.0532544 0.0210693
1 0.0527044 0.00376689 0.930141 0.00243997 0.00241201 0.00390407 0.00463182
4 0.00181767 0.00158589 0.000135965 0.00903023 0.979569 0.0020771 0.00578454
4 0.00250283 0.00193726 0.000282326 0.00949637 0.976957 0.00259214 0.00623195
2 0.000303778 0.00492664 0.000383102 0.0766204 0.00343793 0.91217 0.00215832
7 1.11952e-06 0.998288 6.46557e-05 0.000605547 0.000210841 0.000639992 0.00019022
6 0.000529165 0.00114364 0.000357129 0.89237 0.00225677 0.086973 0.0163702
1 0.0525592 0.0015918 0.93983 0.00100121 0.00220277 0.00220313 0.000612183
5 0.91142 0.0200316 0.0378716 0.00152652 0.0232054 0.00421073 0.00173414
2 0.00233796 0.0046666 0.00145083 0.00519743 0.00364807 0.978771 0.00392823
7 0.00804329 0.970539 0.00380755 0.00120635 0.00589454 0.00539074 0.00511838
1 0.0518414 0.000725218 0.936421 0.000485742 0.00501204 0.000836582 0.00467791
4 0.00608064 0.00380242 0.00279039 0.000258419 0.986774 0.000164279 0.00012965
3 0.00319149 0.00249637 0.00162003 0.00487166 0.00272908 0.00648019 0.978611
7 0.00477316 0.978991 0.00242811 0.000373777 0.00730473 0.0020258 0.00410385
1 0.0309746 0.00457618 0.947482 0.00110693 0.0128909 0.00172711 0.00124244
1 0.0524587 0.00499539 0.934486 0.0012871 0.00383428 0.00158625 0.00135212
1 0.00923769 0.00049031 0.986278 0.000302152 0.0031356 0.000317545 0.000238245
4 0.0121912 0.00471441 0.00441745 0.00347648 0.961033 0.0030372 0.0111302
2 0.0057175 0.00745151 0.0039669 0.0119724 0.00618188 0.956781 0.00792914
7 0.00325153 0.977973 0.00240246 0.000502446 0.00517845 0.00592358 0.00476865
6 0.00400599 0.00396158 0.0031731 0.899298 0.00681104 0.0574247 0.0253255
1 0.0289325 0.000451648 0.967328 0.000277976 0.00230396 0.000530859 0.000174618
4 0.0587346 0.00990993 0.0104796 0.00296652 0.915446 0.00175459 0.000708766
2 0.0101674 0.009155 0.00484688 0.0101745 0.00486217 0.952218 0.00857595
1 0.0467313 0.0120194 0.915361 0.00225783 0.0150475 0.00511964 0.00346274
6 0.00398831 0.00289177 0.00261829 0.878068 0.00688315 0.0782698 0.0272805
1 0.0429381 0.00197573 0.950452 0.000228671 0.00339344 0.000805095 0.000207268
4 0.00445553 0.0023785 0.000304961 0.00103014 0.990816 0.000232002 0.000782359
3 0.00543803 0.00228293 0.00445654 0.00795986 0.00806403 0.00440787 0.967391
5 0.932152 0.0118826 0.0415208 0.00111206 0.00872361 0.00244192 0.00216737
7 0.00860372 0.975141 0.00783189 0.000217101 0.00339651 0.0020758 0.00273377
1 0.0277895 0.00395009 0.958293 0.000833949 0.00745618 0.00116732 0.000509866
1 0.02163 0.000177381 0.977503 0.000193706 0.000328114 0.000124688 4.35454e-05
1 0.0493634 0.0020384 0.932216 0.00105303 0.0134685 0.000988818 0.000871952
2 0.00524225 0.0049184 0.00378645 0.00191716 0.00243168 0.971396 0.0103083
6 0.0041756 0.00257008 0.00282103 0.935212 0.00505636 0.0334299 0.0167354
4 0.0687578 0.00519283 0.00180594 0.00219131 0.917679 0.00105221 0.00332062
6 0.00506472 0.00268382 0.00321221 0.939373 0.0020063 0.0304216 0.0172385
1 0.0489546 0.00390984 0.927558 0.000731831 0.0139965 0.00267739 0.00217148
4 0.0653728 0.00335568 0.0108805 0.000132769 0.919483 0.000255855 0.000519532
2 0.0067785 0.00772545 0.00413661 0.0140523 0.00475226 0.953007 0.00954749
1 0.0206286 0.00025557 0.972338 0.000388293 0.00110208 0.000632819 0.00465484
4 0.0569594 0.00215541 0.0142955 0.000510668 0.922167 0.000463386 0.003449
3 0.00577985 0.0022493 0.00156985 0.00120601 0.00969782 0.00155115 0.977946
3 0.0113532 0.00234375 0.00258979 0.00298078 0.00919077 0.000815686 0.970726
5 0.978188 0.000584865 0.0162158 0.0005576 0.0041152 0.000218674 0.000119415
2 0.00179878 0.00673867 0.00229263 0.0406434 0.0163748 0.918674 0.013478
7 0.00409737 0.978486 0.00274212 0.000349612 0.00732765 0.00190563 0.00509161
1 0.0513959 0.000757791 0.928459 0.00155146 0.0110189 0.00271592 0.00410081
4 0.0140056 0.00509705 0.000814686 0.00426569 0.964345 0.00378224 0.00768995
3 0.0116141 0.000286668 0.000586975 0.00114368 0.00211138 0.00440447 0.979853
5 0.898848 0.00381571 0.0435686 0.00317999 0.0294048 0.00835454 0.0128286
2 0.00475956 0.0126515 0.00354691 0.0543681 0.00816959 0.900699 0.0158058
7 0.00572803 0.973751 0.004062 0.00119562 0.00176577 0.00660629 0.00689096
6 0.00361806 0.00518746 0.00183707 0.880669 0.0229207 0.0788295 0.00693795
1 0.0525767 0.0025286 0.933393 0.00219029 0.00255888 0.0029552 0.00379734
4 0.0139076 0.000981864 0.00181669 0.00031351 0.981789 0.000302257 0.000888568
5 0.93941 0.00200322 0.0423926 0.000971419 0.0143442 0.000522496 0.000356182
2 0.00666719 0.00690648 0.00283665 0.022268 0.0145132 0.937969 0.00883922
6 0.000988459 0.000584651 0.000574697 0.961662 0.00344422 0.0307053 0.00204062
1 0.0524318 0.000885408 0.936316 0.000710445 0.00814096 0.000839834 0.000675559
4 0.0391004 0.0130129 0.00384275 0.00905762 0.912652 0.00479828 0.0175358
3 0.000463149 0.000143905 0.000314753 0.00540949 0.00165288 0.00250694 0.989509
2 0.00373308 0.0165291 0.00254085 0.052871 0.0101918 0.905803 0.00833145
7 0.00272912 0.97134 0.00194295 0.00520296 0.00657964 0.00667043 0.00553476
6 0.00248425 0.00111672 0.00298446 0.969289 0.0114575 0.0034226 0.00924506
1 0.0459693 0.0123285 0.919525 0.00155071 0.011464 0.00318275 0.00597983
1 0.0516992 0.000412154 0.941359 0.000586486 0.00504524 0.00026148 0.00063605
5 0.892099 0.00111294 0.0409238 0.000892059 0.0641616 0.000562977 0.000247127
2 0.00409399 0.00586737 0.00235981 0.0601413 0.0113717 0.897206 0.0189596
7 0.000759574 0.980859 0.000290255 0.00544531 0.00545799 0.00598602 0.00120158
6 0.00464705 0.011011 0.00318147 0.875165 0.0252068 0.0583381 0.022451
1 0.0509865 0.00160818 0.928479 0.000961438 0.011683 0.00212965 0.00415215
4 0.0675288 0.000939108 0.00483509 0.000284313 0.915476 0.000374868 0.0105618
3 0.00736185 0.000752024 0.00238667 0.00441454 0.0099083 0.000679209 0.974497
5 0.896159 0.00136597 0.0475829 0.00210032 0.0489052 0.00210506 0.00178171
2 0.00731677 0.0062927 0.00300043 0.00918618 0.005569 0.965039 0.00359642
7 0.000790253 0.981032 0.000748631 0.00445846 0.00502895 0.00577591 0.00216545
1 0.0522611 0.00439647 0.931074 0.000690734 0.00896193 0.00104994 0.001566
5 0.886494 0.00689062 0.0458889 0.00290638 0.0425807 0.00688963 0.00834981
2 0.00663629 0.0161089 0.00324403 0.0586773 0.00789028 0.898185 0.00925833
7 0.00272745 0.980829 0.00112376 0.00160687 0.0034203 0.00313195 0.00716093
1 0.0525178 0.00193965 0.939151 0.0011366 0.00282578 0.00171213 0.000717179
4 0.0430845 0.00710965 0.00395421 0.00361852 0.919926 0.00266239 0.0196451
3 0.00217669 0.0019996 0.000579233 0.00839872 0.00438171 0.00596243 0.976502
5 0.948837 0.000154026 0.0422224 0.000940951 0.00650723 0.000481861 0.000856201
2 0.00284587 0.0169993 0.00172691 0.0602497 0.00132147 0.911574 0.00528278
7 0.00180579 0.975455 0.00262015 0.00413721 0.00254403 0.00624117 0.00719692
6 0.000746025 0.000281999 0.000989764 0.974286 0.00208653 0.0168374 0.00477279
1 0.0526605 0.000749446 0.929052 0.00226399 0.0070204 0.00327925 0.00497457
4 0.0268664 0.00788958 0.00268952 0.0098799 0.929121 0.00542247 0.018131
3 0.00805205 0.00520231 0.00125773 0.00165952 0.00689609 0.00377413 0.973158
5 0.950347 0.000893153 0.0422978 0.000371362 0.00556986 0.000194654 0.000326035
5 0.872084 0.0098293 0.0300951 0.00292815 0.0504979 0.00775627 0.026809
2 0.00122561 0.00961738 0.000482843 0.0242298 0.00134515 0.956318 0.00678151
7 0.00295217 0.978034 0.00102843 0.00333614 0.00439165 0.00570744 0.00455058
1 0.0525419 0.00056341 0.943088 0.000843982 0.00170039 0.000844087 0.000418177
3 0.0120407 0.000846562 0.00145967 0.000620655 0.00707399 0.00240582 0.975553
5 0.887336 0.00443024 0.0441499 0.0011822 0.060151 0.00208643 0.000663839
2 0.00203824 0.00791027 0.000741862 0.0260191 0.00310953 0.955926 0.00425479
7 0.000729142 0.989757 0.000713419 0.00111052 0.000933362 0.00488492 0.00187211
1 0.052493 0.00159813 0.94062 0.00160072 0.00143352 0.00159086 0.000663586
1 0.0275357 0.00029512 0.968016 0.00133768 0.00137609 0.000895232 0.000544175
4 0.0204891 0.00238557 0.00153447 0.00221391 0.957105 0.00236534 0.0139061
4 0.0443315 0.00136753 0.0115832 0.000670517 0.93895 0.00180659 0.00129047
3 0.00273131 0.000358919 0.000536855 0.00603433 0.0082478 0.00650108 0.97559
7 0.000867555 0.975788 0.000642433 0.0064967 0.00383201 0.00597818 0.00639534
1 0.0524066 0.00707439 0.922934 0.00228004 0.0086007 0.00277555 0.00392848
1 0.0515148 0.00380464 0.924056 0.0015827 0.0113407 0.00305839 0.00464244
4 0.0681278 0.00253179 0.00374791 0.000518613 0.917924 0.0033934 0.00375618
3 0.00877182 0.00191589 0.00150747 0.000737687 0.0100784 0.00532185 0.971667
5 0.925854 0.00392744 0.0421185 0.00285706 0.0133591 0.00497007 0.00691386
2 0.00109078 0.00491362 0.000385252 0.00738904 0.00138595 0.982515 0.00232034
7 0.0064001 0.968888 0.00118439 0.00502678 0.00729182 0.00651772 0.00469149
6 0.00426746 0.00550491 0.00311365 0.895154 0.00471454 0.0607315 0.0265137
1 0.0525233 0.0013789 0.939539 0.00180395 0.00208118 0.0020319 0.000641784
1 0.0464597 0.000471218 0.949242 0.000818611 0.00222965 0.000511293 0.000267088
4 0.0115963 0.000139239 0.00120361 0.000173817 0.986278 0.000106898 0.000502567
3 0.00785215 0.00168659 0.00212872 0.000339035 0.0100096 0.00147658 0.976507
2 0.00258349 0.00615337 0.0012466 0.0153981 0.00218111 0.969104 0.00333372
6 0.0046431 0.01711 0.0026123 0.871898 0.0162437 0.0813704 0.00612245
6 0.00200839 0.000409346 0.000762561 0.96284 0.001516 0.0303743 0.00208914
1 0.0507681 0.000658278 0.938842 0.00111985 0.00788613 0.000485964 0.000240109
1 0.107165 0.000560879 0.877718 0.00229043 0.00827953 0.00310097 0.000884581
4 0.0194835 0.001816 0.00392592 0.000746484 0.964482 0.000733304 0.00881278
4 0.0554285 0.00123048 0.0138945 0.00221363 0.91284 0.00143898 0.0129543
5 0.930753 0.00396148 0.0424066 0.00112675 0.0197346 0.00124687 0.000770636
5 0.908226 0.00956074 0.043485 0.00198833 0.0294914 0.00298329 0.004265
2 0.00242016 0.0128837 0.00301628 0.0446747 0.00297406 0.928598 0.00543365
7 0.00252359 0.969925 0.00162808 0.00810238 0.00542963 0.00693066 0.00546096
6 0.00269767 0.00471833 0.00261614 0.873362 0.0181778 0.0767954 0.0216324
6 0.00311114 0.00282453 0.00211898 0.923808 0.00947451 0.0380377 0.0206249
1 0.05015 0.000553573 0.940154 0.000969299 0.00718437 0.000388772 0.000600001
1 0.0523242 0.000517776 0.941651 0.000791585 0.0030767 0.000786047 0.000852578
4 0.0203059 0.0037113 0.00173125 0.00860632 0.938812 0.0104518 0.016381
3 0.00504425 0.00270295 0.000985369 0.00656516 0.00238772 0.00666773 0.975647
5 0.906291 0.00777926 0.0438566 0.00311672 0.0332474 0.00381845 0.00189107
2 0.00657678 0.00987971 0.00337338 0.0405876 0.00298975 0.918121 0.0184723
2 0.0008924 0.00580051 0.00075216 0.0110582 0.00191781 0.973068 0.0065113
7 0.000254803 0.97953 0.000134109 0.00815858 0.00187189 0.0055595 0.00449102
6 0.00141868 0.00068361 0.00139963 0.932059 0.0072636 0.0373647 0.0198107
1 0.0520969 0.000702796 0.935059 0.000755875 0.00941879 0.000976718 0.000989487
4 0.0689651 0.00031309 0.00381561 0.00190832 0.921374 0.00188182 0.00174182
3 0.000988116 0.00220948 0.000598092 0.00710089 0.00466686 0.00676245 0.977674
5 0.890701 0.00933472 0.0467463 0.00282979 0.0402044 0.00475619 0.00542724
5 0.949978 0.000346307 0.0424346 0.00235894 0.00403406 0.000442524 0.000405805
7 0.00345798 0.973098 0.00157422 0.0084043 0.00285253 0.00598932 0.00462317
1 0.0455609 0.000289803 0.947546 0.00101985 0.00405223 0.000689049 0.000841758
4 0.0625899 0.000165378 0.013122 0.000661883 0.915905 0.00029743 0.00725871
5 0.91968 0.000772047 0.0436072 0.00125535 0.0331639 0.000519237 0.00100241
7 0.00188561 0.986795 0.000790897 0.00401632 0.000385105 0.00513077 0.000996773
6 0.00146514 0.000326745 0.000806194 0.960755 0.0039543 0.0240913 0.00860102
1 0.051103 0.000540957 0.931203 0.00244043 0.0116767 0.00176288 0.00127324
1 0.0380271 0.00811051 0.931136 0.00241193 0.0164116 0.00243126 0.00147199
4 0.0397948 0.00143358 0.00338543 0.00238377 0.933838 0.00237722 0.0167873
3 0.00777953 0.00242193 0.00416848 0.00258491 0.00903165 0.00742298 0.966591
2 0.000661294 0.00275726 0.000331203 0.0135293 0.000326996 0.979841 0.00255297
6 0.00163487 0.000941142 0.00326662 0.946678 0.00452917 0.0261971 0.0167528
1 0.0508322 0.000411442 0.938396 0.00157212 0.0063767 0.000646592 0.00176534
4 0.0570478 0.00242724 0.00256717 0.000681602 0.932741 0.00281859 0.00171698
3 0.000861557 0.000641537 0.000346274 0.00878139 0.00109367 0.00538705 0.982889
5 0.893682 0.00748273 0.0566057 0.00146123 0.0337552 0.00121403 0.00579908
2 0.00348754 0.00249224 0.000813035 0.00732763 0.00149934 0.980254 0.00412634
6 0.0052224 0.00190926 0.00280857 0.905072 0.00679489 0.0536885 0.0245042
1 0.0526553 0.00138525 0.930425 0.00150922 0.00300999 0.00311089 0.00790424
1 0.0404217 0.000344935 0.957041 0.000727671 0.000970703 0.000362813 0.000130775
4 0.0134441 0.000697809 0.00102787 0.00157263 0.975729 0.00189452 0.0056343
3 0.0033358 0.00219447 0.00179194 0.00571272 0.0101147 0.00509172 0.971759
2 0.00638765 0.00514819 0.00229242 0.00351642 0.00430608 0.975453 0.00289634
7 0.00396319 0.982029 0.000740327 0.00414793 0.00282801 0.00522743 0.00106442
6 0.00146067 0.00283802 0.000707152 0.893916 0.00382611 0.0756006 0.0216517
1 0.0525569 0.00341769 0.937444 0.00110141 0.00164103 0.00254298 0.00129645
3 0.00311967 0.0020159 0.00386535 0.00473895 0.00910825 0.00524989 0.971902
5 0.896561 0.00799702 0.0554015 0.00145016 0.0317801 0.00130542 0.00550497
2 0.00150532 0.0104726 0.0011388 0.0739999 0.00581876 0.904526 0.00253842
7 0.000620826 0.975686 0.00181611 0.0063187 0.00655432 0.00558352 0.00342056
1 0.00448394 0.000744651 0.989462 0.000875468 0.00140386 0.000687791 0.00234227
4 0.0659947 0.00340153 0.00876588 0.000999491 0.908705 0.00591254 0.00622114
3 0.00320192 0.00251447 0.00153021 0.0098379 0.00751825 0.00597453 0.969423
2 0.00104989 0.01621 0.00112572 0.0667767 0.00435165 0.908754 0.00173243
7 0.000399654 0.977431 0.00051481 0.00508489 0.00696377 0.00475174 0.00485385
6 0.0011984 0.00338068 0.00100963 0.887915 0.00361495 0.0942056 0.00867543
1 0.00422847 8.20344e-05 0.993737 0.000466719 0.000311043 0.00040179 0.000772606
1 0.0380014 0.00364399 0.931359 0.00149626 0.0162241 0.00272447 0.00655094
4 0.0653168 0.00958943 0.0034152 0.00329111 0.908398 0.00298902 0.00700029
4 0.0689396 0.00321799 0.00352386 0.000437973 0.922688 0.000519675 0.000672499
5 0.877905 0.00262972 0.0264418 0.0028966 0.0694039 0.00339932 0.0173235
7 0.000363618 0.978669 0.00056083 0.00831596 0.00639428 0.00519806 0.000498017
1 0.0276892 0.00135819 0.954523 0.000870864 0.00846091 0.00108477 0.00601271
1 0.016897 0.00138375 0.963485 0.00204091 0.00698047 0.00285217 0.00636071
3 0.00255393 0.00188971 0.00412141 0.00480163 0.00973707 0.00188929 0.975007
5 0.889224 0.00218622 0.0361358 0.00090679 0.0670526 0.000740777 0.00375374
2 0.000765483 0.00867522 0.00112011 0.0756142 0.00176819 0.910965 0.00109161
7 0.000849738 0.980463 0.00167622 0.00871446 0.00150695 0.00578853 0.00100138
1 0.0125378 0.000207303 0.979075 0.00053212 0.00514704 0.000330141 0.00217099
4 0.058321 0.00875758 0.00885044 0.000868262 0.918146 0.000808875 0.00424789
3 0.0031422 0.00236655 0.00105298 0.00697835 0.0102016 0.00267714 0.973581
5 0.932121 0.000699593 0.0430181 0.000429888 0.01983 0.000467433 0.00343371
5 0.912732 0.00462754 0.00920378 0.00197191 0.0672614 0.00272158 0.00148147
2 0.00214574 0.0167029 0.000805544 0.0555428 0.00504692 0.916865 0.0028908
7 0.000366077 0.982531 0.000905513 0.00640293 0.00706184 0.00180117 0.000931542
3 0.00166323 0.000544846 0.00529607 0.00470568 0.00856855 0.00144591 0.977776
2 0.000421125 0.00334665 0.000524745 0.077027 0.0032399 0.915081 0.000359242
7 0.00327808 0.979475 0.00238828 0.00215202 0.00688737 0.0017087 0.00411081
1 0.0526849 0.00390979 0.919735 0.00265335 0.00971684 0.00283689 0.00846295
4 0.0396601 0.00310812 0.00894391 0.000868893 0.940953 0.000871796 0.00559411
2 0.000859395 0.00146584 0.00072976 0.0769358 0.00308389 0.914348 0.00257713
7 1.2938e-05 0.99565 0.000124612 0.00254205 0.000706457 0.000615217 0.000348536
6 0.00337241 0.00614279 0.00297892 0.87031 0.0137761 0.0801903 0.0232291
1 0.0465753 0.00535 0.93706 0.00116398 0.00819943 0.000555993 0.00109518
1 0.0525044 0.00126665 0.940828 0.000686679 0.0028667 0.000778253 0.00106947
4 0.00075666 0.000844178 0.000727172 0.0061938 0.979393 0.000867067 0.0112181
2 0.00133514 0.00368525 0.00128882 0.0767804 0.00309484 0.912323 0.00149219
7 0.000575853 0.985558 0.00058125 0.00752247 0.00186867 0.00338064 0.000512827
6 0.00178751 0.000699674 0.00253305 0.970488 0.00486367 0.0104563 0.00917227
1 0.0102245 0.000619165 0.975386 0.000764815 0.00992157 0.000458744 0.0026249
1 0.00134503 0.000908655 0.991446 0.000581448 0.000998935 0.00100874 0.0037109
4 0.0657738 0.00846265 0.00335965 0.00221746 0.911992 0.00167339 0.00652125
5 0.859535 0.00654401 0.047274 0.00298965 0.0671058 0.00478031 0.0117713
2 0.000759135 0.0138419 0.00071199 0.0705672 0.00349804 0.909155 0.00146716
7 0.00290235 0.969679 0.00103016 0.011896 0.00446167 0.00724006 0.0027906
6 0.00267664 0.00630169 0.00250943 0.877752 0.00564869 0.0898149 0.0152963
1 0.0365629 0.00153611 0.930109 0.00295557 0.0160756 0.00242648 0.0103341
4 0.0680915 0.00267088 0.00725479 0.00168232 0.914138 0.00182648 0.00433625
2 0.000503113 0.0104421 0.000245002 0.0745889 0.00409247 0.908619 0.00150897
7 0.000207106 0.980967 9.24252e-05 0.00864226 0.00195156 0.00582924 0.00231021
7 0.000390821 0.98338 0.000119113 0.00308644 0.00595393 0.00542368 0.00164633
1 0.0414138 0.000748601 0.943141 0.000728413 0.00674093 0.00106985 0.00615734
