labels 5 7 1 6 4 2 3
5 0.907083 0.0143082 0.0277451 0.00332009 0.0368579 0.00393256 0.00675293
7 0.00903593 0.969592 0.00228149 0.00671941 0.00452335 0.00451684 0.00333117
1 0.0486407 0.0043925 0.934872 0.000811826 0.00694526 0.000687929 0.00364965
6 0.00310551 0.00702608 0.00293949 0.958893 0.00457391 0.021378 0.00208385
4 0.0323959 0.00170796 0.00463076 0.000446829 0.959549 0.00110074 0.000168415
2 0.00418393 0.00596516 0.00173647 0.0155612 0.00590154 0.96446 0.00219189
1 0.00783158 0.00274983 0.987017 0.000591617 0.000977396 0.000592705 0.00024023
5 0.906099 0.00513992 0.0292871 0.00302825 0.0364209 0.00662907 0.0133962
7 0.00735205 0.97571 0.00335961 0.00163857 0.0017628 0.00484861 0.00532841
6 0.00279403 0.0053852 0.00306721 0.952301 0.0050796 0.0206255 0.0107477
1 0.00890433 0.00119434 0.98707 0.000795817 0.000590269 0.000702066 0.000742921
3 0.00689509 0.00297916 0.00109293 0.00432281 0.00522329 0.00818164 0.971305
7 0.00902159 0.970371 0.00207135 0.00288694 0.00525204 0.00555277 0.00484453
2 0.00623069 0.00443733 0.00220918 0.00476842 0.00382583 0.972648 0.00588048
1 0.0296247 0.000325824 0.964863 0.00147774 0.00312047 0.000337673 0.000250976
4 0.0201186 0.000381624 0.00772455 0.000156142 0.970819 0.000302868 0.000496842
5 0.928257 0.00862957 0.0436142 0.000675069 0.0146639 0.0019152 0.00224496
7 0.0107211 0.971286 0.00192064 0.00163832 0.00252363 0.00577438 0.00613582
6 0.00118812 0.000359213 0.000579292 0.979224 0.00127091 0.0128474 0.00453125
2 0.00621523 0.00309209 0.00304914 0.00853363 0.00353115 0.963562 0.0120172
1 0.0485959 0.00445984 0.933592 0.00199064 0.00667959 0.00126557 0.00341605
5 0.919571 0.00408605 0.0445159 0.00220797 0.00724338 0.00539322 0.0169825
7 0.00971945 0.980932 0.00209089 0.000956995 0.00303579 0.00260968 0.000655151
6 0.00495966 0.00294078 0.0020114 0.95658 0.00516583 0.0142032 0.0141391
1 0.0483475 0.00468533 0.936142 0.0013886 0.00553948 0.00248953 0.00140754
2 0.0012574 0.00317068 0.00251351 0.00115618 0.00387027 0.987348 0.000683928
1 0.0484095 0.000417012 0.949248 0.000433694 0.00111571 0.00014023 0.000235731
3 0.0145178 0.00223591 0.00496118 0.00127371 0.00161349 0.00787356 0.967524
7 0.000810106 0.989989 0.00594941 0.000407841 0.000685483 0.00136766 0.000790644
1 0.0483508 0.00221891 0.945991 0.00084791 0.000849789 0.00127209 0.000469286
5 0.941877 0.000213954 0.0474954 0.00116463 0.00831562 0.000117924 0.000815752
4 0.0300755 0.00536664 0.00646154 0.0011343 0.951654 0.00476824 0.000539706
7 0.000653131 0.971054 0.000474824 0.016228 0.0024631 0.00566193 0.00346492
1 0.0080867 0.00651777 0.961242 0.00314609 0.0114905 0.00274262 0.0067743
2 0.000898414 0.00660646 0.00158101 0.0145711 0.00301399 0.965627 0.00770181
6 0.0021195 0.00668191 0.00322149 0.945299 0.0115565 0.0198001 0.011322
4 0.000996185 0.00400815 0.000771585 0.0105319 0.973712 0.00289876 0.00708187
1 0.0239269 0.000254012 0.967843 0.000420287 0.00599763 0.00020034 0.00135762
2 0.00115664 0.00466397 0.000978091 0.0192421 0.000482385 0.969112 0.00436507
5 0.921834 0.0101295 0.0483616 0.00120338 0.0172526 0.000661262 0.000557194
4 0.000924016 0.00367091 0.000443694 0.00900168 0.979718 0.00536217 0.000879447
3 0.00619978 0.00755175 0.00194587 0.00095743 0.00649291 0.00323865 0.973614
7 0.000730939 0.985506 0.00154339 0.00333698 0.00401965 0.00365416 0.00120914
1 0.0442869 0.000223331 0.946759 0.000870677 0.000885578 0.00150038 0.00547405
2 0.000766667 0.00231496 0.00069976 0.029708 0.000882611 0.964336 0.00129162
6 0.00261267 0.0144963 0.00276406 0.949852 0.00700318 0.0192263 0.00404524
5 0.90351 0.00606374 0.0451214 0.00295924 0.0334689 0.0035167 0.00536046
4 0.0198961 0.00736711 0.00638452 0.00445018 0.954807 0.00393488 0.00316015
1 0.0483603 0.0053114 0.94096 0.000485053 0.00316814 0.0010558 0.000659429
7 0.00276005 0.974535 0.00299894 0.00775502 0.00417999 0.00449928 0.00327129
2 0.0020806 0.00333303 0.00137848 0.00389751 0.00406932 0.981487 0.00375384
1 0.0482 0.00161243 0.937928 0.000414913 0.00650316 0.00116449 0.00417653
4 0.0113888 0.00404466 0.00497636 0.00480185 0.962596 0.00397533 0.00821743
7 0.00410148 0.97696 0.00280735 0.00125657 0.00407235 0.00459591 0.00620609
6 0.00365705 0.00452607 0.00292186 0.952671 0.00427716 0.017629 0.014318
1 0.0443298 0.0164619 0.916955 0.00208437 0.0120062 0.00538948 0.00277357
5 0.928688 0.0159634 0.0446026 0.00190341 0.00288886 0.00226836 0.00368588
1 0.0469444 0.00480267 0.930362 0.000667648 0.0132087 0.00207781 0.00193728
4 0.0247912 0.000997235 0.00926584 0.000319777 0.962999 0.000493327 0.00113411
3 0.010407 0.00451034 0.00301871 0.00371987 0.00754896 0.00272639 0.968069
2 0.0011514 0.00794053 0.000938064 0.0246429 0.00666039 0.948073 0.0105941
6 0.000961648 0.00100545 0.00042197 0.991613 0.00129097 0.00413269 0.000574314
1 0.00782475 0.0153031 0.958237 0.00179722 0.00978808 0.00284109 0.00420919
7 0.00158578 0.980246 0.000423991 0.00789437 0.00302228 0.00406286 0.00276504
5 0.958939 0.00109156 0.0183531 0.00160696 0.0171432 0.0021049 0.000761709
2 0.00724449 0.00441696 0.00231166 0.00383511 0.00430693 0.974972 0.00291281
4 0.0202961 0.00220943 0.00309549 0.00369938 0.956285 0.00296499 0.0114499
1 0.0486513 0.00100231 0.932319 0.00226285 0.00870153 0.00311263 0.00395072
3 0.0110115 0.00884446 0.00184213 0.00238155 0.00528388 0.00582659 0.96481
5 0.926664 0.00399845 0.029621 0.00116032 0.0363236 0.00178106 0.000451723
7 0.00151408 0.989851 0.00148732 0.00136696 0.000819164 0.00335052 0.00161084
1 0.0483582 0.00506401 0.927511 0.00153237 0.0107225 0.00337706 0.00343472
2 0.000534136 0.00317235 0.000364984 0.00123164 0.00234534 0.99146 0.000891523
4 0.00622214 0.000666943 0.000516002 0.000636649 0.991345 0.00040413 0.000209107
6 0.00432777 0.015065 0.00268748 0.94731 0.00839115 0.0185431 0.00367536
1 0.0479298 0.000556848 0.947163 0.000823948 0.00293171 0.000336926 0.000258251
3 0.00442062 0.00390026 0.00067648 0.00682525 0.00105849 0.00818862 0.97493
5 0.909047 0.0122265 0.0484418 0.0024535 0.0190269 0.00432352 0.00448073
7 0.00533307 0.971097 0.00127942 0.00849754 0.00299572 0.00441733 0.00638035
4 0.0303321 8.73256e-05 0.00862101 0.000476605 0.956667 0.000203013 0.00361259
6 0.00114425 0.000288405 0.00067483 0.991906 0.00222655 0.00196196 0.0017983
1 0.0234078 0.0150589 0.940027 0.00219849 0.0156534 0.00304335 0.000611513
2 0.000283003 0.000790282 0.000120168 0.00371472 0.00012614 0.994004 0.000961355
3 0.00420441 0.00649471 0.00398716 0.00593104 0.0068538 0.00542591 0.967103
1 0.0025906 0.00163119 0.98985 0.000771755 0.000939812 0.000866658 0.00335042
4 0.0328182 0.00358529 0.00262778 0.00274699 0.951157 0.00328845 0.00377644
5 0.917881 0.00440616 0.0250572 0.00327543 0.0346074 0.00362264 0.0111503
7 0.000981767 0.978 0.000958725 0.0112751 0.0044783 0.00320995 0.00109645
2 0.000742012 0.00538607 0.00154976 0.0290898 0.00208898 0.960357 0.000785924
1 0.0198059 0.000361233 0.972059 0.000616732 0.00454241 0.00041502 0.00219932
6 0.00356136 0.00694541 0.00289479 0.948602 0.00867627 0.0190162 0.0103039
7 0.00337675 0.976245 0.0022863 0.00900575 0.00282245 0.0043033 0.00196057
1 0.0023051 0.00202196 0.991173 0.000572697 0.00121007 0.00121203 0.00150522
4 0.0310434 0.00500217 0.0037789 0.00194036 0.952346 0.00116109 0.00472779
2 0.000404263 0.00602237 0.000691651 0.0263118 0.00302811 0.96164 0.00190162
3 0.0112516 0.00330665 0.00501874 0.000733822 0.00764292 0.00240092 0.969645
5 0.942866 0.000196588 0.0475267 0.000723228 0.00732874 0.000311644 0.0010467
7 0.00893086 0.970191 0.00508134 0.0008994 0.0021581 0.0057125 0.00702701
2 0.000579944 0.00235733 0.000588187 0.0289045 0.000806558 0.965262 0.00150151
6 0.00372501 0.000711436 0.00275759 0.960452 0.00737597 0.0111513 0.0138265
1 0.0484161 9.8634e-05 0.945624 0.000446324 0.00510422 0.000180734 0.000130172
3 0.00428734 0.00388737 0.00166118 0.00237326 0.00312548 0.00776028 0.976905
5 0.945778 0.000573824 0.00755445 0.00376122 0.0336049 0.00356504 0.00516221
2 0.00369984 0.00599185 0.00217643 0.0106102 0.00456219 0.960999 0.0119602
1 0.0195014 0.00389674 0.952976 0.00152284 0.0129039 0.00318498 0.00601439
4 0.0205803 0.000228286 0.00799355 0.000763547 0.968715 0.000268688 0.00145023
3 0.00705143 0.00494332 0.00602545 0.000636539 0.00638191 0.00794642 0.967015
5 0.903575 0.00635058 0.0364196 0.00242909 0.0372226 0.005863 0.00813967
7 0.00245331 0.993096 0.00062886 0.00107167 0.000531897 0.00164821 0.00057045
1 0.0395272 0.00418765 0.929326 0.0022146 0.0173084 0.0026479 0.00478873
6 0.00340059 0.00667072 0.002691 0.959502 0.00452043 0.0213325 0.00188249
4 0.0275146 0.0016236 0.0081941 0.00277169 0.947476 0.00267131 0.00974838
2 0.000220224 0.00724037 0.000460078 0.0267677 0.00112201 0.962238 0.0019518
1 0.0248291 0.00169655 0.970122 0.000470478 0.00244607 0.000399789 3.5619e-05
5 0.923276 0.00645247 0.023415 0.00391068 0.0339707 0.00285526 0.00612029
7 0.00440054 0.96597 0.00173947 0.0103199 0.00487212 0.0060415 0.00665628
6 0.00370761 0.00543427 0.00185532 0.957594 0.00307641 0.0212394 0.00709267
1 0.0455274 0.0069063 0.926236 0.00248321 0.0131898 0.0023109 0.00334627
7 0.010788 0.973432 0.00222666 0.00096624 0.00290165 0.0053567 0.00432826
4 0.0320644 0.000993629 0.00640254 0.00133155 0.957865 0.000704259 0.000639021
2 0.00674315 0.00432208 0.00466452 0.00420016 0.00305659 0.97239 0.00462344
1 0.0483074 0.000784572 0.947228 0.00100652 0.000883881 0.00129026 0.00049934
5 0.985439 0.00558693 0.00210899 0.00140644 0.00179038 0.00312983 0.000538116
6 0.00409616 0.00120826 0.00225672 0.968463 0.0059221 0.0117558 0.00629766
7 0.0125366 0.970532 0.00557425 0.00137061 0.00341812 0.000973102 0.00559549
2 0.00535636 0.003353 0.00304766 0.0094971 0.00230875 0.964713 0.0117245
1 0.0483556 0.000488496 0.948114 0.00110634 0.000933237 0.000385117 0.000617659
5 0.994391 0.000271396 0.00440893 0.000229428 0.000462388 0.000189142 4.75509e-05
3 0.00779611 0.00244225 0.00640079 0.000486698 0.0011761 0.0024599 0.979238
7 0.00101969 0.979106 0.00166163 0.00645114 0.00223136 0.00390278 0.00562719
1 0.00245846 0.00284971 0.99287 0.000494407 0.000489454 0.000310524 0.00052786
2 0.000452546 0.00310519 0.000438115 0.00118145 0.00113309 0.993374 0.000315446
6 0.00666931 0.00629521 0.00272514 0.952003 0.00567633 0.0215382 0.00509264
1 0.0480684 0.000339776 0.948153 0.00058776 0.00266289 0.000135713 5.21078e-05
3 0.00882241 0.000261228 0.00708709 0.00117634 0.00293291 0.000259758 0.97946
7 0.00452253 0.977722 0.00525273 0.00174137 0.00348934 0.00278199 0.00449015
5 0.925769 0.00102424 0.0476034 0.00233211 0.0165433 0.00100652 0.00572136
1 0.0440579 0.00162667 0.942857 0.00154257 0.00248731 0.00154376 0.0058849
4 0.00450569 0.000758662 0.000420656 0.0117261 0.974103 0.00349533 0.00499057
7 0.00350272 0.966379 0.00197377 0.0102057 0.00318616 0.00551715 0.00923555
1 0.0234065 0.00346639 0.937449 0.00649899 0.01428 0.00257647 0.0123231
2 0.00150993 0.00360662 0.00124598 0.0096685 0.0045565 0.975192 0.00422062
6 0.00356495 0.0130957 0.00285192 0.951111 0.0135509 0.0118982 0.00392731
4 0.00732738 0.000464906 0.00257734 0.00170449 0.982442 0.00108272 0.0044014
1 0.0243318 0.00077356 0.943951 0.00268191 0.0131394 0.000900151 0.0142219
2 0.000914668 0.00662386 0.00034537 0.0198034 0.0013954 0.97025 0.000666936
5 0.926606 0.00617374 0.0478874 0.00103718 0.0147484 0.00306663 0.000480265
4 0.0313841 0.00439308 0.00233666 0.00223056 0.953618 0.00540473 0.0006331
7 9.4748e-05 0.986422 8.63341e-05 0.00891287 0.00088275 0.00332857 0.000272587
1 0.0483328 0.00088819 0.945578 0.000536663 0.000675103 0.00238053 0.00160828
3 0.00222069 0.00283903 0.00137984 0.00707026 0.00824972 0.0037141 0.974526
2 0.00235073 0.00257802 0.00178997 0.0285654 0.0028428 0.949445 0.0124277
5 0.906979 0.00645074 0.043452 0.00350125 0.0349415 0.00109889 0.00357686
6 0.00280094 0.00734198 0.00265649 0.958883 0.00198545 0.0214926 0.00484003
1 0.0320904 0.00681477 0.929891 0.00261798 0.0162923 0.00273989 0.00955391
4 0.0119798 0.0044626 0.00308258 0.0043555 0.963878 0.00647903 0.0057624
7 0.000480936 0.993751 0.000753806 0.00109184 0.00144995 0.00152351 0.00094909
1 0.028762 0.00617107 0.946795 0.00104473 0.0142626 0.00219439 0.000770329
2 0.00533236 0.00546885 0.00348704 0.00820028 0.00521869 0.963919 0.00837345
4 0.0127687 0.00495578 0.00691756 0.00285976 0.970835 0.00129034 0.00037301
6 0.00459554 0.00412785 0.00275151 0.950808 0.00606765 0.0219655 0.00968388
1 0.0292618 0.00143807 0.966278 0.000147845 0.00179353 0.000932801 0.000148278
7 0.0123001 0.970823 0.00897601 0.000613218 0.00225929 0.00118875 0.00383961
1 0.0483078 0.000503566 0.942406 0.000533328 0.00172916 0.00220787 0.00431199
5 0.950256 0.000674942 0.0477047 0.000463462 0.000607807 0.00017228 0.000120837
4 0.0123697 0.0040644 0.00109047 0.00565902 0.966572 0.00530678 0.00493772
3 0.0144399 0.000517385 0.000478389 0.00223762 0.00204995 0.00691382 0.973363
2 0.00221621 0.00627821 0.00166991 0.0196723 0.00259817 0.960882 0.0066831
6 0.00273596 0.00159928 0.00299481 0.970742 0.0125866 0.00161066 0.00773092
1 0.048314 0.000223106 0.945905 0.000611833 0.00433721 0.000208466 0.000400177
7 0.00140274 0.981385 0.000999631 0.00574834 0.00341175 0.00410584 0.00294653
5 0.903645 0.00716306 0.0478304 0.00274327 0.0235657 0.005068 0.00998434
2 0.00511221 0.00771946 0.00266765 0.0209005 0.00388436 0.95198 0.00773606
4 0.0150333 0.00551853 0.00227608 0.0107857 0.94925 0.00505669 0.0120798
1 0.0483306 0.000633976 0.943459 0.0007618 0.00583895 0.000776545 0.00019896
3 0.0152036 0.00134511 0.00213101 0.000987636 0.00470502 0.00197865 0.973649
7 0.000839068 0.975756 0.000396891 0.00712646 0.00377254 0.00460981 0.00749906
5 0.931068 0.00686238 0.0472183 0.00266791 0.00595474 0.00467396 0.00155436
1 0.0483929 0.00321105 0.941986 0.00182338 0.00164992 0.00242137 0.000515416
2 0.00144129 0.00381275 0.000627969 0.00694094 0.00114448 0.985 0.00103283
6 0.0021203 0.000985993 0.000768487 0.988011 0.0011656 0.00599064 0.000957955
4 0.0121455 0.00360149 0.00543273 0.000945325 0.966468 0.00170355 0.00970382
1 0.0482949 0.000630665 0.947014 0.000729192 0.00199986 0.000770727 0.000560693
3 0.000921545 0.00335816 0.000508844 0.00788388 0.00420458 0.00842738 0.974696
5 0.989952 0.000163097 0.00740199 0.00125393 0.000757013 0.000348968 0.000122639
7 0.00349345 0.982971 0.00142825 0.00639404 0.000835349 0.00404515 0.000832823
4 0.0201359 0.00117165 0.00368778 0.00252738 0.957594 0.00367342 0.0112102
6 0.00175947 0.00281775 0.00333518 0.961878 0.00510568 0.0121614 0.0129422
1 0.0479832 0.000492122 0.94549 0.00134494 0.0032344 0.000621585 0.000833656
2 0.00330019 0.000716588 0.000567017 0.00124496 0.0017141 0.990144 0.00231318
3 0.00412018 0.00572068 0.00178081 0.0115076 0.00540153 0.00394963 0.96752
1 0.00834326 0.000298928 0.990081 0.00034404 0.000275811 0.0003304 0.000327028
4 0.0318687 0.00232713 0.00667854 0.000609677 0.957425 0.00062082 0.000470483
5 0.913356 0.00274328 0.0471179 0.0011225 0.0311901 0.00115383 0.00331608
7 0.00213873 0.976742 0.00211572 0.0103399 0.00205798 0.00455422 0.00205108
2 0.00137503 0.00669403 0.000530736 0.0196536 0.0024931 0.966598 0.00265541
1 0.0489815 0.00555762 0.926061 0.00234714 0.00859343 0.00288373 0.00557605
6 0.00176673 0.00176041 0.00298246 0.976486 0.00582944 0.00421254 0.00696247
7 0.00395117 0.96376 0.00207313 0.0166618 0.00405886 0.00582109 0.00367399
1 0.0319252 0.00383115 0.933454 0.00289952 0.0164803 0.00257126 0.00883818
4 0.0319412 0.00294867 0.0070368 0.0024331 0.949499 0.00275704 0.00338418
2 0.000417555 0.00650542 0.000253275 0.0281655 0.00328086 0.959273 0.00210481
3 0.0151702 0.000492477 0.00477376 0.00134572 0.00297148 0.00553021 0.969716
5 0.947885 0.000232785 0.0477128 0.00150437 0.00175138 0.000751096 0.000162816
7 0.00609356 0.971407 0.0052278 0.00351808 0.00540961 0.00457223 0.00377134
1 0.0483408 0.000468238 0.947284 0.00108862 0.00170439 0.000970764 0.000143314
2 0.00378796 0.00542714 0.00293338 0.010813 0.00382013 0.961123 0.0120958
6 0.00059825 0.000176064 0.00089328 0.995822 0.000453881 0.000788382 0.00126847
3 0.0139195 0.00187192 0.0038012 0.00394057 0.00567444 0.00895606 0.961836
1 0.0310945 0.00034947 0.963192 0.000632843 0.00379273 0.000660448 0.00027826
5 0.929655 0.000240826 0.0482957 0.00160877 0.0192245 0.000334058 0.000641375
2 0.00482628 0.00265792 0.00250258 0.00871977 0.00357662 0.966004 0.0117133
4 0.0228645 0.000834687 0.00926581 0.00104202 0.958787 0.00287592 0.00432992
5 0.930364 0.000255716 0.0475101 0.00252391 0.0162952 0.000816112 0.00223534
1 0.0132383 0.00155278 0.977463 0.000667499 0.00420983 0.00118387 0.00168515
5 0.913942 0.012209 0.0280108 0.00123392 0.0360501 0.00349319 0.00506137
7 0.00767227 0.98687 0.000706271 0.00102762 0.00150163 0.00188656 0.00033585
6 0.00349069 0.00929484 0.00300406 0.950532 0.00439883 0.0220773 0.00720211
2 0.00113822 0.00244096 0.000708733 0.0217905 0.0019548 0.95817 0.0137966
1 0.0487303 0.0107588 0.926198 0.00168307 0.00619551 0.00281585 0.00361838
4 0.0233554 0.00288612 0.00912044 0.00130333 0.95739 0.000971511 0.00497286
7 0.0120729 0.963669 0.00381792 0.00544007 0.00452311 0.00565522 0.00482222
1 0.0256224 0.0078019 0.950858 0.00126727 0.0105815 0.00269568 0.00117301
5 0.924963 0.00425977 0.0160298 0.00604335 0.0256271 0.00238617 0.0206909
7 0.0117812 0.970371 0.00183006 0.000392189 0.00458622 0.00482449 0.00621495
6 0.00448511 0.00390895 0.00298401 0.954083 0.00300976 0.0169767 0.0145526
2 0.00652127 0.0030024 0.00174995 0.00939389 0.0023141 0.974906 0.00211276
1 0.046442 0.00116376 0.936803 0.00125278 0.013669 0.000511916 0.000157752
4 0.017702 0.00123191 0.00619693 0.000937872 0.970279 0.000406356 0.00324575
5 0.925116 0.0188515 0.0190805 0.00144186 0.024627 0.00550905 0.00537457
7 0.0133463 0.970094 0.00434349 0.00226055 0.00388352 0.00265384 0.00341841
6 0.00368334 0.001348 0.00253398 0.982034 0.0029759 0.0023183 0.00510612
2 0.0049887 0.00336248 0.00238909 0.00994948 0.00115048 0.966284 0.011876
1 0.0487293 0.00361961 0.931445 0.00237545 0.00725287 0.0025172 0.00406059
5 0.947196 0.00285409 0.0475993 0.000524887 0.00127676 0.000343206 0.000205745
3 0.0130893 0.000831319 0.00733418 0.00200962 0.00301876 0.00703189 0.966685
1 0.0462864 0.00574288 0.923975 0.00229343 0.0134903 0.00302062 0.00519104
7 0.00563794 0.978012 0.00334937 0.00277348 0.00494895 0.00261948 0.00265918
2 0.00141848 0.00461295 0.00202313 0.0149509 0.00416238 0.970238 0.00259405
6 0.00496589 0.00578625 0.00269447 0.952023 0.00624606 0.0212966 0.00698792
1 0.0451693 0.0118947 0.917296 0.0020099 0.0110847 0.00775088 0.00479467
3 0.0103421 0.00180484 0.00768647 0.0011557 0.00417363 0.00287865 0.971959
7 0.00654883 0.967495 0.00724056 0.00288732 0.00296975 0.00591691 0.00694155
1 0.0165409 0.00308533 0.96819 0.000875751 0.00195505 0.00208444 0.00726867
4 0.00363617 0.000927045 0.00230832 0.00558342 0.976669 0.00182101 0.00905547
5 0.912334 0.00375139 0.040087 0.000879848 0.0366155 0.000546488 0.00578576
7 8.74845e-05 0.983789 0.000227802 0.009483 0.00208586 0.003878 0.000448874
1 0.0186688 0.000255241 0.978399 0.000304884 0.00223084 9.19578e-05 4.96919e-05
2 0.00257835 0.00361374 0.00174405 0.0032905 0.0034835 0.982485 0.00280536
4 0.00814821 0.00152606 0.00638828 0.00125018 0.975771 0.000537169 0.00637905
6 0.000956413 0.00531327 0.000752207 0.963984 0.00607003 0.0208991 0.00202517
1 0.045845 0.000676455 0.926749 0.00300113 0.0145093 0.00243876 0.00678066
2 0.00189775 0.00254175 0.00188044 0.0300582 0.0032933 0.957869 0.00245979
5 0.912054 0.0190981 0.0209685 0.00389581 0.0294501 0.00810227 0.00643111
4 0.0135036 0.00607593 0.00784995 0.00377806 0.956239 0.00543335 0.00712033
7 0.00420837 0.968573 0.00389426 0.0086367 0.00486686 0.00497739 0.00484386
1 0.0190856 0.00736422 0.940728 0.00387048 0.0122351 0.00357872 0.0131375
5 0.91841 0.00615294 0.0475635 0.00280832 0.0166652 0.00277772 0.00562242
2 0.000920909 0.00727312 0.00197601 0.0278908 0.00283478 0.953964 0.00514072
6 0.000721718 0.00131708 0.000816658 0.969002 0.000551089 0.0203342 0.00725771
1 0.0382018 0.00433349 0.928376 0.00381728 0.00528876 0.00367067 0.0163116
4 0.0017783 0.00164585 0.000215241 0.0116539 0.976451 0.00371357 0.00454181
7 0.000218297 0.998171 0.000175508 0.000707552 0.000262877 0.000156966 0.000308173
3 0.00404908 0.00501029 0.00223458 0.00550789 0.00234336 0.00859608 0.972259
1 0.0483558 0.0055751 0.941185 0.000933695 0.00234995 0.00126147 0.000338665
2 0.00890271 0.00600949 0.00494327 0.00201673 0.00277708 0.966631 0.00871935
4 0.00247353 0.00154503 0.000680269 0.00161 0.992691 0.000190418 0.00080967
1 0.0461579 0.00550422 0.937871 0.000846089 0.00783262 0.00129908 0.000489053
6 0.00371608 0.0043894 0.00292387 0.96838 0.00479073 0.00800391 0.00779567
7 0.00408996 0.974814 0.0036674 0.000602932 0.00555428 0.00454993 0.00672117
1 0.0485452 0.0006892 0.935288 0.00178675 0.00798439 0.00256631 0.00314041
5 0.914939 0.00385918 0.0465946 0.00310586 0.0168336 0.00633912 0.00832889
4 0.00509911 0.000567777 0.000512081 0.000216953 0.993067 0.00034902 0.000188486
2 0.00543203 0.00710839 0.00210013 0.00981651 0.00894122 0.959503 0.00709843
3 0.000543277 0.000274303 0.000344495 0.00728115 0.00117582 0.00115828 0.989223
6 0.00362883 0.0103594 0.0027813 0.944256 0.00910044 0.0215912 0.00828244
1 0.0471241 0.00113189 0.932268 0.00105827 0.0128828 0.00215863 0.00337664
7 0.00752833 0.963315 0.00358242 0.0036666 0.00438232 0.0051204 0.0124047
5 0.947743 0.000123694 0.0476452 0.000937865 0.00269862 0.000202552 0.000649003
2 0.00192218 0.00770353 0.00133686 0.0256076 0.000801403 0.958284 0.00434456
1 0.048365 0.000759713 0.941967 0.00133793 0.00584099 0.00145806 0.000271227
4 0.0153546 0.00420703 0.00182131 0.00532036 0.955438 0.00634701 0.0115115
3 0.00163773 0.000558735 0.000500045 0.00740196 0.00374701 0.0064544 0.9797
7 0.0085597 0.973605 0.00138534 0.00428246 0.00543926 0.00493959 0.00178898
1 0.0298287 0.00102852 0.966106 0.000692538 0.0015776 0.000573828 0.000193151
4 0.0307525 0.00105377 0.00443835 0.00233839 0.951024 0.00222704 0.00816569
5 0.927245 0.00606096 0.0473835 0.00118383 0.0161195 0.00135443 0.000652891
2 0.00124911 0.00750902 0.00231842 0.0229415 0.00333453 0.959418 0.00322914
6 0.00267097 0.00557849 0.00265008 0.947355 0.0119702 0.0194756 0.0102999
1 0.04813 0.00207788 0.935516 0.000738453 0.0103576 0.00190548 0.00127491
5 0.933384 0.00032927 0.0477422 0.00111253 0.0168126 0.000228694 0.000390642
3 0.0113123 0.00255894 0.00356551 0.00410824 0.00606537 0.0097726 0.962617
4 0.0174393 0.00388558 0.00266876 0.00110934 0.969143 0.00438793 0.00136614
6 0.00511089 0.00144795 0.00224075 0.957267 0.00533744 0.0146795 0.0139168
1 0.0485544 0.00255318 0.933536 0.00177051 0.00245142 0.00341213 0.00772242
2 0.00590661 0.00362889 0.00197733 0.000871918 0.00379206 0.982151 0.00167249
7 0.00388856 0.986476 0.000362869 0.00373441 0.00151268 0.00344747 0.000577558
1 0.0375322 0.00558502 0.93263 0.00123895 0.0171651 0.00279228 0.00305623
3 0.00447374 0.00304806 0.00601552 0.00584468 0.00831563 0.00289203 0.96941
4 0.0264006 0.00485495 0.00556209 0.00130715 0.956547 0.00249468 0.00283387
5 0.92444 0.0023349 0.0485847 0.000532586 0.0215545 0.000905634 0.00164739
7 0.000674081 0.979159 0.00259085 0.00866199 0.00471052 0.00235043 0.00185283
2 0.00034261 0.00241714 0.000416626 0.030009 0.00298241 0.963426 0.000406203
1 0.0390255 0.00775095 0.94579 0.00123442 0.00456785 0.001108 0.000523097
6 0.00231009 0.00559025 0.00272624 0.951261 0.00458843 0.0207494 0.0127743
7 0.000403663 0.980291 0.000170528 0.00979876 0.001326 0.00415013 0.00386005
1 0.0484703 0.00193578 0.934897 0.000897394 0.0065764 0.00158396 0.00563869
2 0.00320348 0.0035921 0.00370532 0.000904628 0.00383891 0.978672 0.00608378
3 0.0139683 0.0023543 0.00574629 0.00116054 0.00312672 0.00794978 0.965694
4 0.0313194 0.000137715 0.00688567 0.00033962 0.961004 0.000182341 0.00013119
5 0.924519 0.000317175 0.0479206 0.00211919 0.0181327 0.000609492 0.00638221
1 0.0469222 0.00011702 0.938482 0.000406903 0.0130341 0.000108895 0.000928825
2 0.00377377 0.00286008 0.00279829 0.0092672 0.0104991 0.963199 0.00760285
7 0.00253272 0.980838 0.00218807 0.0025815 0.00283303 0.00386273 0.00516395
6 0.000531413 0.00025901 0.000631768 0.971821 0.00330065 0.0203486 0.00310773
3 0.00863908 0.00665097 0.00437136 0.00141598 0.00329004 0.00729003 0.968343
1 0.0484702 0.000140269 0.941246 0.000597976 0.00938899 9.75017e-05 5.92431e-05
5 0.936938 0.000471714 0.047442 0.00199636 0.00827869 0.000546255 0.00432675
2 0.00222342 0.00191313 0.00217333 0.0117459 0.00403151 0.965496 0.012417
4 0.0262478 0.000205392 0.00957359 0.000349262 0.962605 0.000507177 0.000511517
2 0.000867138 0.000941827 0.000567288 0.00553739 0.000451296 0.980498 0.0111368
1 0.0134987 0.00365354 0.963225 0.00271044 0.0121007 0.00190297 0.00290898
5 0.91873 0.00527897 0.0252141 0.00333095 0.0358015 0.00306686 0.00857768
7 0.00100464 0.991463 0.00111752 0.00227714 0.00254202 0.00121262 0.000382849
6 0.000832122 0.000351287 0.000635496 0.985208 0.00268368 0.00106017 0.00922948
1 0.0324496 0.00779132 0.93485 0.00181018 0.0163734 0.00296386 0.00376172
2 0.0037911 0.00660213 0.00133495 0.0141136 0.00329932 0.961216 0.00964261
7 0.00310781 0.975135 0.0018926 0.00418138 0.00229726 0.00507121 0.00831437
4 0.0268764 0.00440294 0.00915823 0.00207108 0.951856 0.00224544 0.00338948
1 0.0450463 0.00463599 0.93206 0.000852289 0.0149555 0.00110803 0.00134184
5 0.91054 0.0126118 0.0405976 0.000934221 0.0239478 0.00444112 0.00692714
7 0.0071833 0.969332 0.00262471 0.00477228 0.00210308 0.00580107 0.00818394
6 0.00248888 0.00095873 0.00235579 0.97777 0.000999406 0.00335901 0.0120687
2 0.00122444 0.00329347 0.000311849 0.0113412 0.000506033 0.980705 0.00261848
1 0.0483365 0.000429656 0.946585 0.000790935 0.00359146 0.000238504 2.81577e-05
5 0.960737 0.00136085 0.0357543 0.000717696 0.00123619 0.000156753 3.68169e-05
7 0.0136928 0.966869 0.00349956 0.00324004 0.00398512 0.00320119 0.00551186
6 0.00610843 0.00226707 0.00329806 0.961796 0.00830868 0.00517833 0.0130432
1 0.00316399 0.000630834 0.993053 0.000749683 0.00105184 0.000301479 0.00104915
4 0.0306025 0.000398586 0.00853577 0.0013115 0.955616 0.000319819 0.00321546
2 0.00491496 0.00544007 0.00129891 0.00838478 0.00374125 0.967829 0.00839074
5 0.934224 0.000622573 0.0476244 0.000807198 0.0163781 0.000191255 0.000152594
3 0.0140301 0.000528112 0.00684835 0.00236268 0.00378993 0.00434821 0.968093
1 0.0203888 0.000217894 0.973402 0.000419627 0.00470622 0.000293085 0.000572213
7 0.00138505 0.983548 0.00314764 0.00318036 0.00280144 0.00377942 0.00215818
1 0.0308237 0.00540911 0.93324 0.00258597 0.0159138 0.00268735 0.00933961
6 0.00465282 0.00674945 0.00418044 0.947691 0.00541555 0.021811 0.00950015
7 0.00319281 0.984085 0.00170355 0.0035691 0.00304155 0.00365269 0.000754848
1 0.0183992 0.00533358 0.947632 0.00395102 0.0128398 0.00364544 0.00819913
2 0.000799754 0.00333324 0.000518997 0.00360337 0.00253619 0.987377 0.001831
4 0.000836208 0.00022289 0.000674414 0.0106201 0.978622 0.00113756 0.00788658
1 0.00494793 0.00541301 0.969376 0.00304867 0.010668 0.00283259 0.00371399
3 0.00458752 0.00412737 0.00288813 0.00438927 0.00791225 0.00297326 0.973122
5 0.906846 0.0155403 0.0453055 0.00296411 0.0189259 0.00382018 0.00659791
2 0.000772507 0.00471146 0.000415819 0.026754 0.000612827 0.964177 0.00255627
4 0.00613365 0.00418668 0.0031231 0.0057505 0.97251 0.00310188 0.00519413
7 0.000476481 0.986486 0.000510349 0.00848078 0.00117372 0.00260614 0.000266997
1 0.048115 0.00154193 0.941369 0.000343347 0.00546739 0.00105581 0.00210714
5 0.91284 0.00411451 0.0475534 0.00154904 0.0294132 0.00217205 0.00235767
2 0.000842046 0.00488929 0.00203029 0.029722 0.00294572 0.955116 0.00445469
6 0.00124841 0.00437993 0.00157102 0.966746 0.000609274 0.0208264 0.00461883
4 0.0104124 0.00527677 0.00345652 0.0028918 0.967525 0.00602711 0.00441067
1 0.0482287 0.000721897 0.943074 0.000615304 0.00553673 0.000974162 0.000849174
7 0.0015656 0.989452 0.00515946 0.000463942 0.00163393 0.00127331 0.000452117
2 0.000281768 0.00448319 0.000508598 0.0296153 0.00289593 0.95865 0.00356485
6 0.000495869 0.00243059 0.000253462 0.971102 0.000826815 0.0207548 0.00413618
1 0.0482605 0.00251347 0.943114 0.000927585 0.00282004 0.00182203 0.000542046
5 0.918825 0.0166867 0.0454755 0.00181134 0.0124711 0.00335324 0.00137743
4 0.00270181 0.00309548 0.00350138 0.000910419 0.989189 0.000493196 0.000108368
7 0.00665358 0.975608 0.00331763 0.000676172 0.0054484 0.00399338 0.00430244
1 0.022282 0.00066507 0.973897 0.000245008 0.00205499 0.000670665 0.000185215
1 0.0429625 0.00262573 0.935697 0.000967354 0.016132 0.000965349 0.000649941
4 0.0300538 0.00272829 0.00807234 0.000187029 0.958128 0.000226042 0.000604066
2 0.00543587 0.00542581 0.00311271 0.00743839 0.00305467 0.966778 0.00875504
3 0.00819267 0.00482509 0.00260475 0.00254863 0.00869303 0.00226731 0.970869
6 0.00313911 0.00584975 0.00195452 0.953284 0.011267 0.0206217 0.00388412
1 0.0485084 0.00155676 0.939865 0.000696457 0.0083063 0.000727754 0.000339348
7 0.00531373 0.963884 0.00225228 0.00680196 0.00416725 0.00643333 0.0111471
5 0.919229 0.000788023 0.047186 0.000871552 0.0312129 0.000547628 0.000165211
2 0.00175151 0.00366198 0.000974587 0.0244918 0.00252279 0.953234 0.0133632
4 0.0313057 0.000971598 0.00683988 0.000329414 0.952431 0.000705434 0.00741652
1 0.0485152 0.00193715 0.93909 0.0012046 0.00710979 0.00169353 0.000449734
3 0.00312965 0.00361651 0.000736935 0.0102482 0.00360261 0.00490557 0.973761
5 0.892046 0.0120772 0.0393097 0.00299992 0.0249425 0.00700782 0.0216171
7 0.0054105 0.972907 0.0022555 0.00431438 0.00354937 0.00442452 0.00713875
2 0.000815012 0.00435663 0.00030021 0.011683 0.00104728 0.980344 0.00145423
1 0.047857 0.0138453 0.923906 0.00203846 0.0064641 0.00338493 0.00250418
4 0.0195604 0.00469061 0.0039593 0.000616399 0.965219 0.00471046 0.00124369
6 0.00387917 0.00607057 0.00272391 0.951434 0.00310528 0.0182249 0.0145618
3 0.0103691 0.00421441 0.00222391 0.0010165 0.00906818 0.003003 0.970105
1 0.0483319 0.000756292 0.940225 0.00174292 0.00590147 0.00242038 0.000621872
5 0.92672 0.00731448 0.047534 0.00301698 0.0108656 0.00324704 0.00130199
2 0.00013218 0.00325725 0.000193121 0.00469383 0.00031498 0.989688 0.00172108
7 0.000408852 0.978233 0.000152998 0.00992641 0.00128211 0.00418404 0.00581228
6 0.00110653 0.000762105 0.0010458 0.971937 0.00393125 0.00943123 0.011786
4 0.0331942 0.000363209 0.00126012 0.00210159 0.958029 0.00380728 0.00124446
1 0.0467891 0.000781214 0.933247 0.00234258 0.0133923 0.00250774 0.000940528
3 0.00523168 0.00390944 0.00230101 0.00682351 0.00888924 0.0071988 0.965646
1 0.0484467 0.00511452 0.940327 0.000913236 0.00196415 0.0022969 0.000937257
5 0.92189 0.00725601 0.0474259 0.00125757 0.0163012 0.00116728 0.00470198
4 0.0307323 0.00575234 0.00594724 0.00230352 0.945359 0.0064927 0.00341306
2 0.000875734 0.00770186 0.00125105 0.0252154 0.00318984 0.959445 0.00232104
7 0.000784793 0.9786 0.000690183 0.00609288 0.004638 0.00381499 0.0053789
6 0.00116847 0.00541985 0.00110801 0.962259 0.00250975 0.020946 0.00658887
1 0.0410198 0.00319872 0.9372 0.00193292 0.00864458 0.00291 0.00509384
3 0.00277498 0.00110365 0.00616168 0.00557964 0.00731478 0.00221287 0.974852
7 0.000809077 0.982609 0.000998843 0.00946815 0.00269076 0.00212581 0.00129793
4 0.000769552 0.000754729 0.0011375 0.00919842 0.981204 0.000939987 0.00599581
2 0.00210015 0.00379765 0.001796 0.0299058 0.00314608 0.956213 0.00304115
1 0.0282546 0.000663158 0.95284 0.00101527 0.0150447 0.000599522 0.00158297
5 0.897849 0.00769488 0.0446761 0.00335613 0.0308968 0.00459142 0.010936
7 0.0061956 0.973218 0.00909985 0.000318998 0.00454716 0.00130165 0.0053183
6 0.00354771 0.000866099 0.00285387 0.956346 0.00571776 0.0162715 0.0143969
1 0.0482643 0.000938836 0.943032 0.0022098 0.00304496 0.00206164 0.000447946
2 0.0022575 0.00157485 0.000974605 0.00111308 0.00360246 0.987524 0.0029538
3 0.00250798 0.00188935 0.00140481 0.00405884 0.00216569 0.00714049 0.980833
5 0.944127 0.00107717 0.04756 0.00256024 0.0031208 0.000944461 0.000610381
1 0.0484369 0.000131124 0.940822 0.000864709 0.0093941 0.000154892 0.000196766
4 0.0168305 0.000304432 0.00541222 0.00048907 0.97342 0.000329881 0.00321408
2 0.00065486 0.00175573 0.000883112 0.00939125 0.00205602 0.973382 0.0118772
6 0.00380945 0.00121075 0.00297016 0.969912 0.00506572 0.00473657 0.012295
3 0.0093375 0.00111778 0.00134625 0.00732845 0.000548799 0.00772544 0.972596
5 0.926289 0.000334078 0.047499 0.00143243 0.0166194 0.000490491 0.00733535
2 0.00580297 0.00297252 0.00236948 0.00968123 0.00377358 0.963282 0.0121186
1 0.0455811 0.000127379 0.945274 0.00137597 0.00677866 0.000389237 0.000473402
6 0.0034356 0.00122857 0.00144351 0.95435 0.00633022 0.0209095 0.0123024
1 0.0281982 0.000436771 0.956408 0.000995333 0.0127501 0.000996496 0.000214934
1 0.0178464 0.000100257 0.968517 0.000510629 0.0124486 0.000311601 0.000265823
