labels 5 7 1 6 4 2 3
5 0.817281 0.0240353 0.0702913 0.00608617 0.063536 0.00586937 0.0129013
7 0.00507981 0.983669 0.00200336 0.00293338 0.00190677 0.00275321 0.00165437
1 0.0382974 0.00258468 0.947255 0.00104122 0.00796561 0.000471597 0.00238457
6 0.00180124 0.0140703 0.00400348 0.898267 0.0132481 0.0645624 0.00404759
4 0.0652884 0.00474445 0.0176542 0.000688988 0.909207 0.00183734 0.000579392
2 0.00400445 0.0149412 0.00186238 0.0117895 0.00948357 0.955044 0.00287518
1 0.00747815 0.00295962 0.98577 0.000656662 0.00246833 0.000475528 0.000191821
5 0.861807 0.00623232 0.017339 0.00378004 0.0721106 0.0118183 0.0269128
7 0.00381082 0.965232 0.00599875 0.00119565 0.000769955 0.0176458 0.00534696
6 0.00284893 0.00392848 0.00327926 0.90495 0.00317273 0.0643394 0.0174809
1 0.00603172 0.00274639 0.987802 0.000784408 0.00159304 0.000620327 0.000422279
3 0.0100144 0.00773797 0.000909734 0.0086487 0.00744203 0.0145034 0.950744
7 0.0121809 0.93406 0.00443303 0.00676063 0.0116088 0.0184169 0.0125402
2 0.0100652 0.015156 0.00342876 0.00658467 0.00599507 0.94844 0.0103304
1 0.0681539 0.000120455 0.919658 0.000489916 0.0113058 0.000110556 0.000161653
4 0.0703178 0.000433866 0.011949 9.23907e-05 0.914763 0.000396548 0.00204724
5 0.852979 0.0170053 0.0662936 0.00157583 0.0535509 0.00349394 0.00510097
7 0.0137762 0.940399 0.0034242 0.00248589 0.00488892 0.0194525 0.0155737
6 0.00100306 5.9631e-05 0.000403065 0.994097 0.000962909 0.0010804 0.00239412
2 0.0121696 0.00872381 0.00630824 0.0229176 0.00811104 0.918066 0.0237036
1 0.0687646 0.00145302 0.919051 0.00102703 0.00792012 0.000509918 0.00127462
5 0.874228 0.00820628 0.0708427 0.00200902 0.00996591 0.0100732 0.0246746
7 0.0118893 0.972981 0.00228723 0.00174218 0.00509549 0.00385601 0.00214923
6 0.00474397 0.000367245 0.00124999 0.984781 0.00359995 0.00143831 0.00381936
1 0.0689153 0.00371297 0.921674 0.00136208 0.00179471 0.0017069 0.000833898
2 0.000626957 0.0138506 0.00235661 0.000750297 0.00154227 0.980543 0.000330463
1 0.0674385 0.00028432 0.925873 0.000110422 0.00603433 4.6322e-05 0.000212995
3 0.0188972 0.00260638 0.00528158 0.00150953 0.00176541 0.0152697 0.95467
7 0.00153765 0.982564 0.0114702 0.000349009 0.000696047 0.00204208 0.00134077
1 0.068688 0.00359175 0.92192 0.000553443 0.003375 0.00111607 0.000756033
5 0.906715 0.000238266 0.077763 0.000230619 0.0143838 8.77768e-05 0.00058134
4 0.0668666 0.0100374 0.00821223 0.000844232 0.904212 0.00783343 0.0019945
7 0.000417121 0.943607 0.000406694 0.024558 0.00532285 0.0203162 0.00537169
1 0.00554607 0.00928759 0.953445 0.00398361 0.0163689 0.00372777 0.00764132
2 0.000992466 0.0181208 0.00237075 0.0260966 0.00277497 0.939601 0.0100434
6 0.00226916 0.0157905 0.00473299 0.875406 0.0266289 0.0398236 0.035349
4 0.000979253 0.00730681 0.000919535 0.00923793 0.967192 0.00122566 0.0131388
1 0.0143429 0.000152521 0.976704 0.000984366 0.00621957 0.000294338 0.0013023
2 0.00115086 0.0133037 0.00101451 0.0563379 0.00129097 0.921332 0.00557017
5 0.905676 0.00639139 0.0770394 0.00109151 0.00862464 0.000726289 0.000450501
4 0.00124152 0.00861454 0.000776992 0.0172216 0.959608 0.0103043 0.00223294
3 0.0101508 0.0150871 0.00260839 0.00130556 0.00631979 0.00632383 0.958205
7 0.000827804 0.971075 0.00168395 0.00286241 0.00378212 0.017724 0.00204465
1 0.0689127 0.000147651 0.916017 0.00117994 0.00104778 0.00169965 0.0109956
2 0.000586469 0.00701526 0.000422704 0.068722 0.000648715 0.918403 0.00420181
6 0.00242979 0.0347158 0.00278494 0.8824 0.0137049 0.0478975 0.0160675
5 0.837828 0.0115832 0.0790014 0.00518912 0.0484402 0.00514995 0.0128081
4 0.040607 0.0147495 0.00907383 0.00847582 0.915002 0.0077498 0.00434214
1 0.0688069 0.00945944 0.910487 0.000617196 0.00820452 0.00108706 0.00133842
7 0.00149765 0.961362 0.00337414 0.00871389 0.0045871 0.0185837 0.00188196
2 0.00112599 0.013747 0.000663898 0.0018943 0.00389911 0.970507 0.00816251
1 0.0311359 0.00121022 0.948974 0.000788527 0.0131536 0.00111776 0.00361967
4 0.0163894 0.00907873 0.0125525 0.00828993 0.932223 0.00768976 0.0137765
7 0.00616521 0.944805 0.0076645 0.00118084 0.00756703 0.0206407 0.0119769
6 0.00313023 0.00482816 0.00435634 0.886054 0.0135201 0.0480475 0.0400634
1 0.0130714 0.0179533 0.946912 0.00322916 0.00938249 0.00705791 0.00239378
5 0.898163 0.0231473 0.0676975 0.00112852 0.00581764 0.00252389 0.00152251
1 0.0620155 0.00799992 0.900741 0.000867763 0.022801 0.00166857 0.00390597
4 0.044787 0.00253686 0.0188014 0.000806587 0.92995 0.00102023 0.00209812
3 0.00997081 0.00887818 0.00583174 0.0062925 0.00882074 0.00352212 0.956684
2 0.000555492 0.00531794 0.000434744 0.0133805 0.0103105 0.953182 0.0168186
6 0.00106282 0.000737842 0.000445783 0.989231 0.00523709 0.00278407 0.000501684
1 0.0555034 0.0201081 0.885555 0.00243161 0.0180305 0.00397654 0.0143945
7 0.000926286 0.957355 0.000497859 0.0107435 0.00776833 0.0198185 0.00288996
5 0.977212 0.000180182 0.0130508 0.00121102 0.00648089 0.000942541 0.000922426
2 0.00994325 0.0151435 0.0038514 0.0105532 0.0103342 0.943097 0.00707696
4 0.046376 0.00777702 0.00940263 0.00891703 0.899011 0.00508808 0.0234284
1 0.0687226 0.00122974 0.905778 0.00246409 0.00990982 0.00327682 0.00861907
3 0.0161732 0.0171176 0.00205329 0.00428561 0.00638746 0.00957193 0.944411
5 0.864751 0.0058202 0.040706 0.00127153 0.0828918 0.00302887 0.00153093
7 0.00171908 0.967836 0.00110051 0.0025838 0.00148218 0.01887 0.00640852
1 0.0682921 0.00978305 0.891465 0.00321204 0.0156735 0.00501408 0.00655974
2 0.000588196 0.0137601 0.000243343 0.00140132 0.0028384 0.98014 0.00102815
4 0.0114143 0.000159607 0.000734524 0.000202368 0.987078 0.00024967 0.000161289
6 0.0073725 0.038862 0.00372767 0.818176 0.0401092 0.0808292 0.0109234
1 0.0632046 0.000473905 0.932203 0.000525079 0.00328465 0.000204368 0.00010397
3 0.00233876 0.00238601 0.000964186 0.0108339 0.00143517 0.0138476 0.968194
5 0.850392 0.0191473 0.0788454 0.00349854 0.0323194 0.00732762 0.00846991
7 0.00673029 0.942307 0.00145842 0.0128777 0.00552827 0.0202614 0.0108366
4 0.0709705 8.12741e-05 0.0051244 0.00105815 0.918556 0.000820588 0.00338911
6 0.00107187 7.29499e-05 0.000686841 0.969375 0.00738929 0.00759162 0.0138123
1 0.0381521 0.0196872 0.910433 0.00253498 0.0237563 0.00426391 0.00117291
2 0.000185733 0.00118033 8.564e-05 0.00549455 0.000176097 0.991941 0.000936643
3 0.00269614 0.0104686 0.00661226 0.01047 0.0108865 0.00990711 0.948959
1 0.00328794 0.00236769 0.97689 0.0014111 0.0087785 0.00136423 0.0059001
4 0.0611225 0.013905 0.0161074 0.00618177 0.889243 0.00644162 0.00699902
5 0.764711 0.00602589 0.0580695 0.00461091 0.119682 0.00999034 0.0369107
7 0.000548164 0.964682 0.000598711 0.0175073 0.0089709 0.00647595 0.00121677
2 0.000749308 0.0196333 0.00213419 0.0654509 0.00411559 0.905696 0.00222043
1 0.0228023 0.000814125 0.953596 0.00132075 0.0169253 0.000599868 0.00394127
6 0.00326894 0.00847374 0.0044283 0.86883 0.0245021 0.0546445 0.0358521
7 0.000948248 0.973682 0.00171957 0.0131843 0.00395667 0.00499443 0.00151513
1 0.00251141 0.00472279 0.985568 0.000885529 0.00199355 0.00186467 0.00245446
4 0.0476961 0.015867 0.0128496 0.00492703 0.901867 0.00467409 0.0121187
2 0.000708639 0.018734 0.000830543 0.0630086 0.00635998 0.906678 0.00368066
3 0.0229808 0.00704455 0.00567816 0.000715038 0.0109164 0.00447672 0.948188
5 0.881361 0.000803331 0.0784616 0.000779528 0.033704 0.00111754 0.00377287
7 0.00893821 0.946994 0.00637142 0.000688893 0.00214985 0.0206881 0.0141697
2 0.000555584 0.0031134 0.000412221 0.0244739 0.00111645 0.968149 0.00217909
6 0.00393404 0.000661139 0.00388767 0.921121 0.0150743 0.0261485 0.0291738
1 0.0690871 5.3472e-05 0.92447 0.000381695 0.0058367 9.95502e-05 7.18897e-05
3 0.00248899 0.00783057 0.00258383 0.00501355 0.0036213 0.0132256 0.965236
5 0.949008 0.000422262 0.00873386 0.00440603 0.0251178 0.00298279 0.0093297
2 0.0035338 0.0132077 0.00195381 0.0107143 0.00757001 0.947671 0.0153492
1 0.0556768 0.00705998 0.891348 0.00227083 0.0248733 0.00511011 0.0136609
4 0.0418026 0.000621912 0.0172948 0.000606755 0.937328 0.000828195 0.00151792
3 0.0130787 0.00687716 0.00777072 0.00216201 0.00881471 0.00548655 0.95581
5 0.839447 0.0106829 0.0421504 0.00342802 0.0801032 0.0117942 0.0123941
7 0.00312014 0.984025 0.00264353 0.00152751 0.000833946 0.00436565 0.00348395
1 0.0440053 0.0069036 0.908711 0.00347788 0.0191168 0.00350161 0.0142839
6 0.00276325 0.0115738 0.00213664 0.729507 0.0120842 0.240337 0.0015987
4 0.0663225 0.00325324 0.0108647 0.00611774 0.894468 0.00471608 0.0142573
2 0.000278716 0.0195106 0.000230139 0.0650423 0.00261306 0.907865 0.00446019
1 0.0262755 0.00093647 0.965684 0.000464018 0.00611019 0.00049925 3.07177e-05
5 0.839479 0.00649717 0.0349954 0.00478771 0.101045 0.00419904 0.00899605
7 0.00583338 0.942083 0.00299176 0.0127185 0.00620456 0.0202097 0.00995946
6 0.00586279 0.0130309 0.00311745 0.884948 0.00820257 0.0646192 0.0202189
1 0.0473925 0.00805732 0.924074 0.00194929 0.0131661 0.00235479 0.0030061
7 0.014885 0.959061 0.00340681 0.00127927 0.00105031 0.0180281 0.00228911
4 0.0691451 0.00111957 0.00816277 0.00250589 0.916552 0.00154994 0.000965106
2 0.00957986 0.0158241 0.00636799 0.00151629 0.00418844 0.94946 0.0130629
1 0.0688866 0.000682239 0.924736 0.000956268 0.00252238 0.000811656 0.00140538
5 0.976309 0.00805165 0.00325116 0.00180422 0.00493014 0.00383147 0.00182278
6 0.00295204 0.000233313 0.00225743 0.978862 0.0083479 0.00243481 0.00491201
7 0.0118026 0.955157 0.0164162 0.00122025 0.00487478 0.00152165 0.00900793
2 0.00780027 0.00306876 0.00337762 0.00842613 0.00104022 0.956417 0.0198699
1 0.0689794 0.000331232 0.926334 0.000611654 0.00273106 0.000225328 0.000787221
5 0.986585 0.000637605 0.00674775 0.000347244 0.00488445 0.000564441 0.000234
3 0.0146295 0.00541847 0.00751226 0.00110033 0.00328511 0.00293016 0.965124
7 0.00268735 0.961136 0.00271251 0.00368489 0.00284486 0.0188161 0.00811839
1 0.0024806 0.00122905 0.993968 0.000526418 0.000330895 0.000156537 0.0013084
2 0.000755597 0.00344275 0.000196744 0.00437975 0.00290904 0.987579 0.000736781
6 0.00857281 0.0123019 0.00416384 0.92029 0.0207398 0.0272207 0.00671077
1 0.0216357 8.79956e-05 0.976537 0.000105167 0.00159933 2.23598e-05 1.22601e-05
3 0.0205238 0.000200515 0.00961724 0.000902741 0.00433837 0.000246217 0.964171
7 0.00445436 0.977456 0.00543892 0.00108853 0.00198779 0.00559641 0.00397802
5 0.886361 0.000785412 0.0775999 0.0010404 0.0236698 0.00148602 0.00905766
1 0.0116061 0.00151935 0.974832 0.000858357 0.00289342 0.00139638 0.00689461
4 0.00571882 0.000888995 0.000488452 0.0255205 0.9537 0.00325297 0.01043
7 0.00292393 0.936299 0.0017155 0.0146703 0.00513983 0.0192833 0.0199679
1 0.0352198 0.00534615 0.906171 0.00889566 0.0215504 0.00389469 0.0189228
2 0.00201567 0.00535927 0.00121471 0.0143677 0.00358055 0.962802 0.0106596
6 0.00389322 0.0350223 0.00374198 0.871263 0.0347708 0.0357047 0.0156038
4 0.0102266 0.000179921 0.00211291 0.00144085 0.979188 0.000713453 0.00613783
1 0.00850121 0.000323597 0.962283 0.00171008 0.00670417 0.000464687 0.0200136
2 0.000872837 0.0183166 0.000574881 0.0476694 0.00289481 0.928906 0.000765094
5 0.759819 0.012406 0.18903 0.00232433 0.0301157 0.00470109 0.00160461
4 0.0630914 0.0160402 0.00374341 0.00173816 0.905619 0.00857891 0.00118919
7 0.000283962 0.964796 0.000213868 0.013324 0.00162435 0.0194439 0.000313841
1 0.0687413 0.000794481 0.92092 0.00113532 0.00406224 0.00221289 0.00213413
3 0.003076 0.00753672 0.000938435 0.0158252 0.0112228 0.00471178 0.956689
2 0.00285647 0.0100053 0.00265727 0.0638752 0.00536757 0.890772 0.0244666
5 0.848297 0.00693701 0.053472 0.00381743 0.0839094 0.00104393 0.0025231
6 0.00269655 0.022916 0.00387368 0.886032 0.0064029 0.0644637 0.0136154
1 0.0400615 0.0100911 0.903428 0.00354236 0.0234339 0.00235108 0.0170918
4 0.0266613 0.0134519 0.00502163 0.00998216 0.916548 0.0143265 0.0140089
7 0.00010876 0.993502 0.000689966 0.000678345 0.00101436 0.00340057 0.000605516
1 0.0220334 0.0044154 0.950587 0.00188221 0.0173895 0.00248873 0.00120355
2 0.00377739 0.0153169 0.00506709 0.00408548 0.00847119 0.951039 0.0122433
4 0.0468703 0.0075216 0.0191519 0.0029983 0.921185 0.00183447 0.000438629
6 0.00758043 0.00815949 0.00397086 0.872757 0.015485 0.0654232 0.0266241
1 0.01746 0.000992276 0.978052 0.000146439 0.0028879 0.000392199 6.88537e-05
7 0.0127939 0.955107 0.0165595 0.00026429 0.00400786 0.0054426 0.00582496
1 0.0687703 0.000486726 0.915808 0.000507524 0.00542821 0.00161388 0.00738539
5 0.991299 0.000180469 0.00442561 0.000136786 0.00381237 6.08363e-05 8.47937e-05
4 0.0200412 0.00928571 0.00137438 0.0101467 0.940632 0.00890833 0.00961118
3 0.022224 0.0010379 0.000945383 0.00310146 0.00259284 0.0113435 0.958755
2 0.00221207 0.00743012 0.0026036 0.0511021 0.00851668 0.906651 0.0214847
6 0.00316282 0.00200654 0.00304707 0.939574 0.0332488 0.00480211 0.0141583
1 0.0682196 0.000181384 0.922968 0.000337656 0.00779848 8.8391e-05 0.000406383
7 0.00112482 0.955627 0.0012201 0.00839712 0.00811983 0.0194287 0.00608234
5 0.819385 0.00654182 0.0650493 0.00396028 0.0764959 0.0111919 0.0173756
2 0.00442552 0.0156308 0.00534213 0.0592777 0.0150305 0.887785 0.0125083
4 0.0311409 0.0108784 0.00394543 0.0289473 0.894052 0.0110752 0.0199611
1 0.0689002 0.00119274 0.914947 0.0011803 0.0123094 0.000768022 0.000702769
3 0.0266719 0.00110348 0.00235636 0.00372454 0.00915541 0.00441743 0.952571
7 0.00176082 0.945026 0.000605259 0.00956823 0.00556678 0.0204977 0.0169751
5 0.889823 0.00942712 0.0648524 0.00205888 0.0115363 0.0122381 0.0100637
1 0.0688507 0.00457346 0.915544 0.00193183 0.00293579 0.00387644 0.0022874
2 0.00135081 0.0137645 0.000358042 0.00329715 0.00138148 0.978245 0.00160295
6 0.00302609 0.000412389 0.000621159 0.990298 0.00148682 0.00312007 0.00103587
4 0.00866054 0.00172145 0.00151443 0.000907454 0.982798 0.00120638 0.00319155
1 0.0689286 0.0009142 0.926803 0.000529721 0.00183147 0.000631173 0.000362013
3 0.00166656 0.00784675 0.000850742 0.0131207 0.00601474 0.0146185 0.955882
5 0.991408 9.29592e-05 0.00222122 0.00110126 0.00460748 0.000304951 0.000264419
7 0.00336969 0.970296 0.00077292 0.00510942 0.000641169 0.018911 0.000899627
4 0.0277382 0.00252801 0.00324921 0.00483389 0.935544 0.00787893 0.0182276
6 0.00202316 0.00119098 0.00448782 0.936592 0.00574802 0.0153669 0.0345912
1 0.0686733 0.000490861 0.917696 0.000760744 0.0111663 0.000662843 0.000549739
2 0.00314715 0.00235143 0.00051994 0.00216219 0.00193135 0.987545 0.0023425
3 0.00455397 0.0125928 0.00256569 0.0159288 0.00752136 0.0135442 0.943293
1 0.0113063 0.000262972 0.984953 0.000791225 0.00119442 0.000432573 0.00105971
4 0.0702801 0.00638995 0.0109431 0.000645793 0.909359 0.00133477 0.00104713
5 0.844405 0.00316031 0.059994 0.0014611 0.0826946 0.00192798 0.00635744
7 0.0017081 0.951393 0.00219067 0.017895 0.00240744 0.0206054 0.00379999
2 0.00199776 0.0230092 0.000497121 0.0479835 0.00780563 0.914219 0.00448754
1 0.0651095 0.0125507 0.877213 0.0040523 0.0177718 0.00413821 0.0191641
6 0.00178866 0.000768665 0.00284419 0.977241 0.00281083 0.00165856 0.0128884
7 0.00296401 0.93846 0.00235512 0.022468 0.00941071 0.0199481 0.00439372
1 0.0288422 0.00321324 0.925134 0.00426552 0.0205983 0.00366839 0.0142783
4 0.0672135 0.0111805 0.0116385 0.00438745 0.892224 0.00552036 0.00783563
2 0.000334395 0.0139824 0.0002035 0.0690377 0.00780301 0.904546 0.00409266
3 0.024956 0.000530601 0.00736657 0.0024914 0.00247991 0.00732596 0.95485
5 0.913603 0.000167649 0.0778146 0.000574528 0.00727666 0.000422444 0.000141637
7 0.0132618 0.933617 0.0137867 0.00356901 0.0109226 0.0168322 0.00801035
1 0.0602957 0.000198921 0.935644 0.000432939 0.00291066 0.000414131 0.000103696
2 0.00368297 0.00973622 0.00529343 0.0236409 0.00697313 0.92912 0.021553
6 0.000115528 9.6319e-06 0.000743707 0.995872 0.000636961 0.00019218 0.00242983
3 0.0160881 0.0016307 0.00450298 0.00315176 0.00607357 0.0129226 0.95563
1 0.0444396 0.000245962 0.951181 0.000429381 0.00319695 0.000270799 0.000236032
5 0.850632 8.32904e-05 0.0669711 0.000840573 0.0803427 0.000321255 0.000809025
2 0.00532877 0.00464863 0.00327552 0.00439488 0.00231256 0.961563 0.018477
4 0.0417982 0.00245192 0.0182667 0.00217966 0.920683 0.00565617 0.00896449
5 0.889088 0.000279545 0.0779139 0.00188782 0.0275699 0.000669603 0.00259083
1 0.0123324 0.00199233 0.965629 0.00103012 0.010531 0.00126782 0.00721735
5 0.891358 0.0254227 0.00609482 0.00139119 0.0640085 0.00288698 0.0088374
7 0.00507391 0.99001 0.00119717 0.000548305 0.000817427 0.00188586 0.000467696
6 0.00280735 0.0166626 0.0049161 0.869409 0.0159446 0.0652603 0.0249998
2 0.00162567 0.0101576 0.000999676 0.0482996 0.00292783 0.910215 0.0257743
1 0.270721 0.0205353 0.669109 0.00370501 0.0145668 0.00439251 0.0169704
4 0.0640221 0.00631745 0.0179239 0.0019098 0.904009 0.00293691 0.0028805
7 0.0122496 0.953785 0.00752829 0.00784204 0.00574258 0.00909991 0.00375296
1 0.00923165 0.00945839 0.960599 0.00262241 0.0124221 0.00361686 0.00204965
5 0.878724 0.0053249 0.0252767 0.00938726 0.0461409 0.00403335 0.0311132
7 0.0169603 0.946642 0.00310988 0.00119538 0.00469854 0.0149712 0.0124226
6 0.00801326 0.00187894 0.00441059 0.931814 0.0114959 0.00765051 0.0347371
2 0.00580306 0.00273538 0.00227768 0.00889897 0.0019514 0.976148 0.00218562
1 0.0687579 0.000473729 0.916007 0.000298192 0.0143176 9.52305e-05 5.04898e-05
4 0.0566291 0.00195423 0.0217135 0.000907968 0.913228 0.000555166 0.00501161
5 0.86751 0.0274548 0.035164 0.00243624 0.048881 0.0084042 0.0101494
7 0.0175449 0.948964 0.00958298 0.00298834 0.0056654 0.0115298 0.00372434
6 0.00181326 9.01183e-05 0.00163 0.993319 0.000750151 0.000175654 0.00222228
2 0.00188582 0.00354395 0.00180694 0.00611604 0.000352138 0.975643 0.0106526
1 0.0689015 0.00515718 0.902924 0.00212476 0.00990484 0.00213689 0.0088506
5 0.971069 0.000827458 0.0268637 0.000228464 0.000508772 0.000116387 0.000386035
3 0.011875 0.000659279 0.00610847 0.00444566 0.00435586 0.0113275 0.961228
1 0.0447892 0.00776779 0.900898 0.00385961 0.0220342 0.00360499 0.0170462
7 0.00761158 0.967127 0.00384056 0.00239314 0.00898439 0.00704669 0.00299642
2 0.00316921 0.0163385 0.00405663 0.0316478 0.00798956 0.934167 0.0026314
6 0.00736262 0.00917129 0.00383464 0.874565 0.0218436 0.0646841 0.0185385
1 0.0615193 0.017219 0.885529 0.00334477 0.0105607 0.0112818 0.0105451
3 0.0197938 0.00326139 0.00984889 0.000657876 0.006184 0.00620133 0.954053
7 0.00202021 0.960777 0.0123826 0.00134335 0.00289527 0.0132202 0.00736115
1 0.00638843 0.00395548 0.979167 0.000777928 0.00192441 0.0021877 0.00559864
4 0.00239333 0.000712966 0.00403246 0.00194452 0.975884 0.00118726 0.0138451
5 0.839537 0.00322839 0.0753297 0.000848605 0.0714333 0.000603814 0.00901879
7 0.000124295 0.95878 0.000152267 0.0176444 0.00254198 0.0205301 0.000226558
1 0.0175824 0.000258231 0.972872 0.000636158 0.00845288 0.000100341 9.76828e-05
2 0.00271516 0.0140031 0.00263947 0.00785479 0.0023718 0.967722 0.00269348
4 0.0103396 0.00266726 0.0112154 0.000944179 0.970898 0.000893446 0.00304239
6 0.00132461 0.00537985 0.000795819 0.941794 0.0123625 0.0342718 0.00407178
1 0.067613 0.000574279 0.896942 0.00453525 0.0156965 0.00201037 0.0126288
2 0.00217829 0.00879954 0.00291123 0.0697147 0.00884083 0.904353 0.0032027
5 0.866182 0.0265356 0.0358737 0.00630133 0.0394123 0.0129549 0.0127405
4 0.0372466 0.0145848 0.0130424 0.00861352 0.902489 0.0104575 0.013566
7 0.00525613 0.954104 0.0054581 0.0133145 0.00565352 0.00712231 0.00909183
1 0.0315284 0.0102241 0.907395 0.00498336 0.0210619 0.00527905 0.0195284
5 0.856733 0.0127206 0.0777352 0.00279434 0.0375717 0.00457918 0.00786623
2 0.000523339 0.0171056 0.00310644 0.0678775 0.00583964 0.895798 0.00974954
6 0.000300617 0.000223691 0.000473136 0.920182 0.000885025 0.0621223 0.0158137
1 0.059385 0.005763 0.891164 0.00387251 0.00814324 0.0041482 0.0275237
4 0.000815273 0.00100923 0.000320561 0.025292 0.958083 0.0069277 0.00755256
7 0.000216761 0.996059 0.000186619 0.0016946 0.000554625 0.000878919 0.000409762
3 0.00468588 0.0116585 0.00265156 0.00909126 0.00224822 0.0150487 0.954616
1 0.068961 0.00495671 0.923458 0.000379739 0.0016189 0.000422988 0.000202243
2 0.00846947 0.0168459 0.00670567 0.00396661 0.00743172 0.941066 0.0155147
4 0.00278875 0.00158137 0.000633131 0.0013115 0.993147 0.00018946 0.000348841
1 0.0397853 0.00621793 0.935393 0.000911269 0.015575 0.00129349 0.000824354
6 0.00662626 0.00256446 0.00292727 0.965771 0.00501541 0.00867628 0.00841975
7 0.00294235 0.968707 0.00628709 0.000594748 0.00852364 0.00696449 0.00598052
1 0.0679595 0.00101668 0.902437 0.00264756 0.0165477 0.0039087 0.00548254
5 0.855787 0.00411653 0.076807 0.00307028 0.0284639 0.0113857 0.0203698
4 0.014961 0.00102021 0.00116296 0.000516944 0.981415 0.00054567 0.000377896
2 0.00791737 0.00939252 0.00146205 0.0127871 0.0138992 0.944422 0.0101201
3 0.000883793 0.000232637 0.000659444 0.0114634 0.00341353 0.00120341 0.982144
6 0.00602577 0.0138168 0.00407409 0.848348 0.0377999 0.0585924 0.0313426
1 0.0509393 0.00321979 0.910313 0.00164243 0.0217334 0.00325868 0.00889337
7 0.00324612 0.957748 0.00386903 0.00379535 0.00642462 0.00642541 0.0184913
5 0.916843 0.000151464 0.078045 0.000365599 0.00374377 0.000171947 0.000679349
2 0.00200167 0.023032 0.00158992 0.0577665 0.00169772 0.907142 0.00677072
1 0.0301707 0.000740197 0.961781 0.00115869 0.00479493 0.000593026 0.000761883
4 0.0153507 0.00305776 0.00136798 0.00487046 0.953387 0.00604172 0.0159242
3 0.00325633 0.00102076 0.000871982 0.0118923 0.00920035 0.013415 0.960343
7 0.0132641 0.955457 0.00136144 0.00477633 0.00644048 0.00996245 0.00873773
1 0.028352 0.000962569 0.966384 0.000656029 0.00209683 0.000747452 0.000800946
4 0.0709071 0.00170979 0.0101932 0.00305508 0.90229 0.00400185 0.00784246
5 0.904697 0.00405983 0.0775277 0.000710356 0.0105967 0.00201627 0.000392564
2 0.00212589 0.0205171 0.00404742 0.0382483 0.00565318 0.922441 0.00696742
6 0.00309293 0.00724471 0.00371583 0.863407 0.0364198 0.0544048 0.0317152
1 0.133229 0.00238317 0.830927 0.00103938 0.0281033 0.00293721 0.00138038
5 0.88753 0.000476318 0.0508062 0.00090124 0.0593871 0.000369879 0.000529573
3 0.0114858 0.00775617 0.00437944 0.00310817 0.00842465 0.0149754 0.94987
4 0.0280451 0.00515874 0.0028356 0.00122684 0.948417 0.0118065 0.00251066
6 0.00740507 0.00166415 0.00372535 0.876905 0.0155373 0.0562546 0.0385089
1 0.0690242 0.00366449 0.905369 0.00170965 0.00284486 0.0053504 0.0120379
2 0.00950162 0.0142852 0.00361454 0.00171087 0.00727314 0.961028 0.00258658
7 0.00425024 0.964895 0.000353415 0.00599652 0.00387854 0.0188876 0.00173844
1 0.0401867 0.00924605 0.914979 0.00225623 0.0216455 0.00404773 0.00763844
3 0.0037505 0.00377709 0.00789258 0.00873963 0.00790949 0.00223612 0.965695
4 0.0413854 0.00964765 0.0174286 0.00165625 0.916272 0.00311512 0.0104947
5 0.892597 0.00217758 0.0775788 0.000611352 0.0181419 0.00114106 0.00775232
7 0.00045034 0.970472 0.00189633 0.0111549 0.00840362 0.00403448 0.00358847
2 0.000148934 0.0110822 0.00023647 0.0698738 0.00746873 0.910054 0.00113611
1 0.0426221 0.0144645 0.926627 0.0014335 0.01177 0.00126742 0.00181568
6 0.00362892 0.016719 0.0039182 0.869887 0.0148008 0.0651712 0.025875
7 0.000207532 0.953888 0.000205249 0.0177126 0.00389451 0.0204633 0.00362835
1 0.0586479 0.00282146 0.91279 0.00155604 0.01063 0.00228708 0.0112675
2 0.0050443 0.0143637 0.0052332 0.000902533 0.00482302 0.963322 0.0063108
3 0.021205 0.00483527 0.00584842 0.00263661 0.00451802 0.0157392 0.945218
4 0.0669092 0.000229449 0.0137664 0.000156612 0.917674 0.000239312 0.00102542
5 0.79389 0.000706821 0.155831 0.00230154 0.0370775 0.000993997 0.00919874
1 0.0344338 4.85328e-05 0.958346 0.000196136 0.00642593 4.49498e-05 0.000505179
2 0.00836739 0.00846171 0.00494205 0.020329 0.0240476 0.909528 0.0243245
7 0.00139636 0.957841 0.00378948 0.0018151 0.0059654 0.0198118 0.00938104
6 0.000272634 0.000121992 0.000304422 0.969557 0.00385528 0.020127 0.00576181
3 0.00908272 0.0124733 0.00631373 0.00161269 0.00352171 0.0138774 0.953118
1 0.0690304 8.80948e-05 0.922022 0.000172767 0.00862551 3.99215e-05 2.1724e-05
5 0.893107 0.00050104 0.077474 0.00105369 0.0236987 0.000642432 0.00352323
2 0.000907174 0.00916384 0.00120374 0.00495675 0.0065089 0.958117 0.019143
4 0.0372579 0.000254195 0.015851 0.000220166 0.944852 0.000761572 0.000802773
2 0.00142182 0.0026578 0.000625514 0.0133294 0.000656613 0.961759 0.0195496
1 0.00600641 0.0119697 0.971917 0.00257031 0.0013977 0.00535542 0.000783667
5 0.859304 0.0272918 0.0273809 0.00492578 0.0692753 0.00532308 0.00649962
7 0.00867978 0.927743 0.00574535 0.0106328 0.00729091 0.0196177 0.0202901
6 0.00574363 0.0152724 0.00416242 0.86443 0.0129803 0.0618898 0.0355219
1 0.0666472 0.0217263 0.892248 0.00330517 0.0112084 0.00307607 0.00178905
2 0.00162018 0.0522211 0.00235362 0.0542745 0.00807747 0.868291 0.0131622
7 0.00893662 0.946689 0.00775486 0.00385994 0.00685477 0.0200208 0.00588411
4 0.0666986 0.000971671 0.0182697 0.00371488 0.899791 0.00254294 0.00801107
1 0.0130101 0.000556155 0.982346 0.000791214 0.00253595 0.000476199 0.000284827
5 0.898187 0.0107184 0.0174097 0.00246699 0.0483421 0.00408437 0.0187911
7 0.0130627 0.956925 0.00477987 0.00226696 0.00823285 0.00337434 0.0113586
6 0.00128767 6.90644e-05 0.000698817 0.993057 0.00201279 0.000929945 0.0019451
2 0.0133823 0.0188137 0.00535092 0.0184036 0.00696667 0.913764 0.0233184
1 0.0685964 0.00205608 0.913447 0.000513879 0.0147224 0.00030017 0.000363775
5 0.899414 0.00290562 0.0777381 0.000897605 0.0160829 0.00201546 0.000946203
7 0.0114084 0.94864 0.0162766 0.00407817 0.00524222 0.00682474 0.0075298
6 0.00710361 0.000860315 0.00340705 0.972776 0.00243536 0.00154573 0.0118717
4 0.0603082 0.00202081 0.0210086 0.00284979 0.910554 0.000471249 0.00278779
2 0.0107868 0.00640406 0.00353881 0.0350815 0.00792839 0.911205 0.025055
1 0.068453 0.000918755 0.912288 0.000601248 0.0150394 0.000423016 0.00227707
5 0.876786 0.00151768 0.078208 0.00130515 0.0382013 0.0024889 0.00149245
3 0.0211638 0.00549842 0.00980835 0.000310547 0.002937 0.00287805 0.957404
1 0.0112081 0.000991958 0.980604 0.0011756 0.00371984 0.00043463 0.00186561
7 0.00432102 0.963676 0.00651465 0.00364218 0.00114512 0.0189908 0.0017102
1 0.0238944 0.0012515 0.972012 0.000172956 0.00254329 0.000112976 1.33504e-05
6 0.00770913 0.0113916 0.00407408 0.88037 0.0186102 0.064172 0.0136732
2 0.00373015 0.0176874 0.00340901 0.0424757 0.00501172 0.917806 0.00987985
3 0.00183307 0.000893144 0.00132613 0.00438677 0.000842174 0.00510715 0.985612
7 0.0030317 0.945495 0.00231524 0.0152616 0.00453146 0.0203492 0.00901557
1 0.0533558 0.000224002 0.941611 0.000314541 0.00364445 0.000112854 0.000737718
5 0.8845 0.0237635 0.0159921 0.000859466 0.0704491 0.00221964 0.00221634
4 0.0608353 0.00306622 0.0115013 0.00113455 0.905547 0.00492287 0.0129929
1 0.0335322 0.00280073 0.921342 0.00549059 0.0198618 0.00291551 0.0140571
2 0.00737394 0.0192821 0.00218112 0.036685 0.0130113 0.909867 0.0115993
7 0.000821671 0.965036 0.00267428 0.0035658 0.00709379 0.0185117 0.00229671
4 0.000237668 0.00674834 0.000326661 0.0246561 0.954856 0.0100611 0.00311397
1 0.0686947 0.000743731 0.925584 0.00062311 0.0039203 0.000247094 0.000187025
2 0.00036916 0.00785252 0.000350584 0.0157568 0.000371862 0.974577 0.000722535
6 0.00237368 0.0144172 0.00368847 0.890661 0.0100409 0.0647885 0.0140306
5 0.878839 0.0036937 0.0782562 0.00189433 0.0304709 0.00223177 0.0046144
4 0.067347 0.00437454 0.00835094 0.000818863 0.914027 0.00150645 0.00357537
1 0.0687908 0.000395196 0.922847 0.00117739 0.00617597 0.000441427 0.000172744
7 0.00323558 0.978192 0.00439254 0.00147579 0.00776518 0.00249059 0.00244867
5 0.820916 0.0201775 0.0694343 0.00531021 0.0697902 0.00645075 0.0079208
2 0.000539654 0.0130595 0.000471745 0.0685839 0.00277226 0.902521 0.0120515
6 0.000373081 0.000728706 0.000706584 0.964904 0.00360204 0.0166988 0.0129868
1 0.068941 0.00704959 0.90166 0.00341836 0.00465233 0.00598754 0.00829103
4 0.0016116 0.00350918 0.000670631 0.025924 0.952927 0.00721583 0.00814157
7 0.00783767 0.956276 0.00963962 0.00228492 0.00730634 0.00686843 0.00978666
1 0.0398313 0.00063851 0.941365 0.000170799 0.0175631 0.000237157 0.000194142
3 0.00795453 0.00349355 0.0065421 0.0119339 0.00829899 0.00630199 0.955475
1 0.0689345 0.000541042 0.925813 0.000164369 0.00435265 0.000140032 5.41546e-05
2 0.00578361 0.0160175 0.00602576 0.000609466 0.00232757 0.953079 0.0161571
4 0.0711139 0.00518773 0.00524667 0.00306517 0.910455 0.00142896 0.00350261
6 0.00750317 0.00297125 0.00483945 0.931456 0.0023597 0.0160609 0.03481
7 0.00298114 0.952988 0.00630688 0.00249209 0.00112333 0.0201877 0.0139211
1 0.0264337 0.00586355 0.940228 0.00329443 0.00879209 0.00372868 0.0116592
5 0.938057 0.000683664 0.052655 0.000223086 0.00791925 0.000262262 0.000199468
4 0.0225348 0.00714886 0.0037258 0.0158761 0.925817 0.00597935 0.0189178
2 0.00194301 0.0202059 0.00199664 0.0581859 0.016357 0.896091 0.00522028
3 0.013084 0.00189782 0.0044011 0.00960852 0.0109371 0.0013143 0.958757
1 0.0669264 0.00626841 0.906465 0.000548727 0.0176892 0.000487324 0.00161446
7 0.00101424 0.949326 0.00249651 0.00786808 0.0025999 0.0206111 0.0160837
6 0.000558672 8.05616e-05 0.000917438 0.990887 0.00218927 0.00255174 0.00281528
5 0.906548 0.000986125 0.0777576 0.000295025 0.0132538 0.000305869 0.00085328
2 0.00107811 0.0149214 0.000464701 0.0231572 0.00278073 0.946886 0.0107122
1 0.0691238 7.82791e-05 0.919348 0.000515362 0.0104602 0.000270345 0.000203578
4 0.0665805 0.0030762 0.0165993 0.000511878 0.904945 0.00305315 0.00523449
3 0.0147539 0.00900765 0.00245514 0.00287253 0.0100323 0.0156802 0.945198
1 0.0688709 0.00101596 0.917639 0.000364098 0.0116372 0.00036687 0.000106085
5 0.734604 0.00971439 0.220352 0.00188879 0.0252805 0.0037325 0.00442784
7 0.00464881 0.937294 0.00177073 0.0140629 0.00865674 0.0210524 0.0125149
6 0.0036881 0.0048596 0.00321781 0.88222 0.0309528 0.0372632 0.0377982
4 0.0171134 0.00360553 0.00197461 0.0126692 0.924887 0.0232101 0.01654
2 0.0016363 0.00610831 0.000820849 0.0216024 0.000548342 0.952283 0.0170005
1 0.0687298 0.000546233 0.91779 0.00114189 0.0090609 0.000902691 0.00182855
3 0.00160729 0.00107971 0.00064113 0.0177474 0.00109131 0.00947209 0.968361
5 0.859169 0.0145665 0.078163 0.00247661 0.0347605 0.00269854 0.00816555
1 0.0474146 0.000502509 0.949385 0.000430846 0.0017768 0.000328101 0.000162492
4 0.0145048 0.00399197 0.00143804 0.00327827 0.957279 0.0116322 0.0078756
6 0.00160821 0.00224152 0.000800682 0.931879 0.00924168 0.0363479 0.0178811
2 0.000619228 0.0132938 0.000405926 0.0690265 0.00896988 0.905415 0.00226976
7 0.000371401 0.962064 0.00262246 0.0107923 0.00732664 0.00916826 0.00765501
1 0.0116878 0.00435396 0.964742 0.00162338 0.00506583 0.00215907 0.0103681
3 0.0063516 0.00825755 0.00168663 0.013107 0.0123452 0.00825988 0.949992
5 0.835238 0.00722327 0.0601084 0.00377128 0.0822847 0.00451235 0.00686253
7 0.00415555 0.969401 0.00505279 0.00234888 0.00782051 0.00401792 0.00720311
4 0.0430282 0.00653675 0.0189387 0.00105058 0.921845 0.00220468 0.00639641
2 0.000579172 0.0067604 0.000555047 0.0698595 0.006688 0.912063 0.00349485
1 0.0686806 0.00345018 0.919665 0.000851616 0.00421614 0.00158668 0.00155012
7 0.000290878 0.964559 0.000172477 0.00703371 0.00829494 0.0161566 0.00349256
6 0.00555136 0.00181114 0.00379446 0.894872 0.0260642 0.0293512 0.0385556
1 0.0051031 5.29443e-05 0.993558 0.00029898 0.000468911 9.77394e-05 0.000420651
2 0.0107496 0.00224169 0.00426907 0.00253379 0.00928942 0.950986 0.0199302
3 0.0126754 0.0152049 0.00678719 0.00574742 0.00302717 0.0148602 0.941698
4 0.0460449 0.00104654 0.0195131 0.000493491 0.928626 0.000807906 0.00346763
1 0.0297086 0.000198229 0.946699 0.000835678 0.0194477 0.000388382 0.00272225
5 0.865925 0.00261571 0.0778956 0.00314916 0.0368228 0.00924393 0.00434821
2 0.000738376 0.00957179 0.000511738 0.0631734 0.00231942 0.910052 0.0136331
6 0.000290295 8.59984e-05 0.000460589 0.979377 0.00571622 0.00453607 0.00953381
3 0.00233235 0.00942981 0.00451402 0.00713252 0.00111986 0.0139375 0.961534
5 0.866119 0.00114485 0.0790596 0.00143413 0.0418182 0.00170342 0.00872061
7 0.00590667 0.934028 0.00563755 0.00681188 0.004178 0.0240463 0.0193917
1 0.06454 0.000189481 0.916608 0.000948607 0.0161901 0.000851673 0.000672081
2 0.00809835 0.017179 0.00543612 0.00300465 0.0156677 0.937919 0.0126952
4 0.012226 0.000258562 0.0125216 0.000408897 0.96608 0.000583468 0.00792126
6 0.00620299 0.00715332 0.00418649 0.887368 0.0176061 0.0382588 0.0392243
