labels 5 7 1 6 4 2 3
5 0.758957 0.0277432 0.11235 0.00691679 0.0749124 0.00811192 0.0110085
7 0.00454707 0.985432 0.00151726 0.00216725 0.00162085 0.00390957 0.000805993
1 0.0487834 0.00388777 0.932779 0.000635326 0.0122992 0.0004098 0.00120507
5 0.790612 0.0171275 0.0739871 0.0046408 0.0811026 0.0165928 0.0159374
7 0.00401192 0.973886 0.00145409 0.00132218 0.000559084 0.0176426 0.00112395
6 0.00140771 0.0209907 0.00175159 0.859831 0.00578696 0.108267 0.00196446
1 0.0640083 0.00709117 0.872651 0.00376235 0.0362423 0.00362084 0.0126239
1 0.0275178 0.00147218 0.950108 0.000673154 0.010345 0.000926332 0.00895805
4 0.0467016 0.00268963 0.0124805 0.000340285 0.935993 0.00140419 0.000390288
5 0.879024 0.0226581 0.0159863 0.00104205 0.069434 0.00265688 0.00919836
2 0.00529457 0.0368551 0.00259833 0.0199851 0.00953777 0.922842 0.00288714
7 0.00214626 0.994922 0.000696664 0.000318156 0.000361298 0.0014408 0.000114498
2 0.00208399 0.0141951 0.00155843 0.359763 0.00685167 0.614702 0.000845254
1 0.02386 0.0205925 0.936098 0.0038374 0.00781809 0.00705876 0.000735537
4 0.075659 0.00345932 0.0162055 0.00465627 0.879448 0.00546391 0.0151077
5 0.83548 0.0284124 0.0375863 0.00672636 0.0758754 0.00690059 0.00901876
7 0.0133079 0.894591 0.00628104 0.0165284 0.00950584 0.0409252 0.0188609
6 0.00310613 0.0267295 0.00398322 0.835468 0.00732293 0.103684 0.0197059
1 0.0316211 0.0095403 0.9123 0.00427252 0.0357555 0.00312306 0.00338744
1 0.0344638 0.00381516 0.954289 0.000854692 0.00533609 0.000751429 0.000489395
5 0.841489 0.00835249 0.0544511 0.00555629 0.0780199 0.00274519 0.00938654
5 0.788959 0.0101003 0.0706146 0.00609153 0.082234 0.0139248 0.0280756
2 0.00072232 0.0462287 0.000513299 0.0867623 0.00179809 0.859843 0.00413204
7 0.000750052 0.987812 0.00100084 0.000971401 0.00280215 0.00626604 0.000397553
1 0.0581789 0.000789045 0.936101 0.000409604 0.00416246 0.000339058 1.98893e-05
5 0.795031 0.0110343 0.0692684 0.00669255 0.0981078 0.00671709 0.0131487
2 0.00308606 0.0154995 0.00142719 0.0699037 0.00457025 0.875738 0.0297753
7 0.00907706 0.940958 0.00570202 0.0028453 0.00158511 0.0361468 0.00368622
6 0.00609241 0.0162575 0.00400726 0.835783 0.00971287 0.105185 0.0229613
1 0.249952 0.0215487 0.69472 0.00376396 0.0112931 0.00402187 0.0147007
1 0.138016 0.0312281 0.802209 0.00319384 0.0188068 0.00372135 0.00282455
4 0.05081 0.0107079 0.027319 0.00209984 0.901522 0.00409832 0.00344251
2 0.00193311 0.128547 0.00264633 0.0958255 0.00825968 0.750704 0.0120846
7 0.0115371 0.895793 0.00339907 0.0211459 0.0129412 0.0459636 0.00922027
6 0.00019447 8.60484e-05 0.000200509 0.994007 0.000980927 0.0022512 0.00228001
1 0.0935748 0.0160085 0.824174 0.00392604 0.0504279 0.0060786 0.00580991
7 0.0179393 0.943669 0.00875083 0.00917906 0.00573605 0.0117503 0.00297529
6 0.00151496 0.00257064 0.0027967 0.869635 0.00144977 0.107825 0.0142078
1 0.0251433 0.00175627 0.969591 0.000821069 0.0019107 0.000409258 0.000367924
2 0.00876125 0.0451001 0.00338632 0.0546648 0.00512576 0.866092 0.0168693
7 0.0164996 0.913122 0.00947472 0.00507126 0.00839479 0.0432113 0.00422666
6 0.00642516 0.0155303 0.00182019 0.852507 0.00248952 0.107616 0.0136115
1 0.130661 0.00820674 0.839766 0.00203521 0.0148097 0.00196427 0.00255698
4 0.0724745 0.00207059 0.029012 0.004311 0.878618 0.00385118 0.00966301
3 0.012917 0.00549264 0.0017073 0.0116837 0.0188163 0.0277001 0.921683
7 0.00392373 0.943075 0.00293436 0.00411588 0.00465564 0.0288912 0.0124047
7 0.0220584 0.899726 0.00456145 0.00532838 0.0184452 0.0389691 0.0109117
1 0.0266004 0.0121559 0.932031 0.00213664 0.0208634 0.00398649 0.00222636
1 0.0517595 0.000486299 0.941924 0.000822476 0.00409133 0.000525533 0.000391003
4 0.222411 0.025549 0.0747099 0.00454174 0.648274 0.00753629 0.0169778
5 0.600199 0.0239528 0.0997514 0.0309189 0.124161 0.015863 0.105154
2 0.012617 0.0402737 0.00570022 0.0202478 0.00827371 0.901356 0.0115311
7 0.0242738 0.925699 0.00351554 0.00115279 0.00494575 0.0394071 0.00100626
1 0.340381 0.00227413 0.621117 0.000275058 0.0344349 0.000516614 0.00100117
1 0.0464505 1.54374e-05 0.951593 9.9079e-05 0.00173146 3.90563e-05 7.18111e-05
4 0.064392 0.000893586 0.0353842 0.000369833 0.893885 0.000915328 0.00415991
4 0.0722368 0.00305158 0.0332713 0.00316012 0.884652 0.00178751 0.0018405
5 0.892296 0.0092459 0.0400212 0.00189746 0.0424499 0.00399799 0.010092
2 0.00738658 0.0354509 0.00925479 0.00476049 0.00685164 0.917848 0.0184474
7 0.0223413 0.910931 0.00324133 0.000662967 0.0137577 0.0344367 0.0146287
6 0.00753703 0.00213148 0.00436015 0.9506 0.0036991 0.0102348 0.0214374
1 0.0723967 0.000413178 0.922495 0.000945676 0.00124033 0.000836925 0.00167239
5 0.794581 0.0221114 0.0966357 0.0020405 0.0429651 0.00924507 0.032421
2 0.00600177 0.00244159 0.00184254 0.00732882 0.00131163 0.979447 0.00162657
7 0.0127 0.950746 0.00513773 0.00168102 0.014776 0.00412761 0.0108316
6 0.00107057 7.59802e-05 0.000596532 0.995118 0.000235745 0.00122511 0.00167838
1 0.139391 0.000189941 0.823311 0.000134996 0.0367696 9.94915e-05 0.00010354
5 0.819723 0.0186426 0.0861749 0.0025892 0.05792 0.00694856 0.00800217
2 0.0118794 0.036534 0.00720979 0.0264049 0.00726651 0.881515 0.0291905
7 0.00717665 0.916205 0.0042336 0.0139106 0.00405862 0.0409619 0.0134535
6 0.00180083 8.68223e-05 0.00157021 0.981445 0.00015429 0.0031138 0.0118289
1 0.13295 0.00168556 0.820662 0.000609605 0.0430578 0.00044042 0.000593848
5 0.966993 0.00864004 0.00686222 0.00129676 0.00641807 0.00589821 0.00389129
2 0.00328286 0.0096389 0.000986285 0.0324744 0.001585 0.94494 0.00709214
7 0.0199343 0.907498 0.00291444 0.00248785 0.00903892 0.0402403 0.0178859
6 0.00110448 8.90575e-05 0.000425489 0.989957 0.000265895 0.00579817 0.00235965
6 0.00399633 0.000159835 0.00206861 0.984678 0.00374388 0.00278203 0.00257164
1 0.148444 8.0344e-05 0.849774 0.00019977 0.00142539 5.90397e-05 1.69774e-05
4 0.0535321 0.00155673 0.0339078 0.00137312 0.899678 0.000812162 0.00914001
5 0.826194 0.0404274 0.0556294 0.00403873 0.0520922 0.0109595 0.0106593
5 0.819211 0.00429214 0.150446 0.000721887 0.0223606 0.00192338 0.00104497
2 0.0128216 0.0115429 0.0085918 0.0368169 0.00807067 0.89611 0.0260466
7 0.0206114 0.94864 0.0101408 0.00139916 0.00916165 0.00154317 0.00850385
1 0.143202 0.0026987 0.836774 0.00151624 0.0119685 0.000633946 0.00320593
5 0.889161 0.00220425 0.101252 0.00025529 0.00676474 0.000243934 0.000118813
2 0.00865332 0.0068271 0.00562275 0.0293813 0.00193319 0.92382 0.0237621
7 0.0254154 0.916497 0.0115664 0.00416891 0.0159259 0.0208284 0.00559833
6 0.000850874 3.23099e-05 0.000597425 0.998047 7.70094e-05 9.2934e-05 0.000302065
1 0.112376 0.000248134 0.883761 0.000602179 0.00170161 0.000131363 0.00117932
5 0.792564 0.00914735 0.120095 0.00337203 0.0235887 0.0138583 0.0373742
2 0.0038704 0.00584217 0.00271688 0.0159804 0.00071533 0.962757 0.00811739
7 0.0219766 0.92223 0.018271 0.0085978 0.0128688 0.00734729 0.00870863
6 0.00290449 0.000312567 0.00209479 0.992081 0.000323908 0.00103194 0.00125135
1 0.145398 0.00231249 0.827584 0.00252778 0.0114256 0.00182842 0.00892371
4 0.0774464 0.00285281 0.0324787 0.00478176 0.874966 0.0023039 0.00517033
5 0.975524 0.000637725 0.0154566 0.000289134 0.00690284 0.00086186 0.000327584
2 0.0151857 0.0107208 0.00522963 0.0463925 0.00746191 0.887686 0.0273229
7 0.026817 0.909932 0.00793935 0.0041967 0.0106972 0.0294435 0.0109747
6 0.00877595 0.000730158 0.00171047 0.986403 0.000574617 0.000722788 0.00108267
1 0.0950219 0.000934147 0.87605 0.000646213 0.0232098 0.000362607 0.00377531
1 0.0188305 0.000639548 0.972973 0.00081101 0.00221078 0.000331725 0.00420381
4 0.0822041 0.000480802 0.0272615 0.00303874 0.879718 0.00142711 0.00587019
5 0.911744 0.00431254 0.0778509 0.000317521 0.00513371 0.00024858 0.000392679
2 0.00601694 0.0272739 0.00183803 0.0170067 0.00553521 0.919198 0.023131
7 0.010127 0.967883 0.0016331 0.00192838 0.0102298 0.00631334 0.00188574
6 0.00454432 0.000413596 0.00111707 0.977706 0.000530567 0.0111074 0.00458131
1 0.146392 0.00313422 0.836385 0.00124887 0.00844174 0.00228939 0.00210826
3 0.0162268 0.00307 0.0162892 0.000803841 0.0082701 0.00482852 0.950512
5 0.828124 0.000523425 0.155341 0.000628281 0.0111213 0.00278435 0.00147791
7 0.00184332 0.929263 0.00420451 0.00392629 0.00873239 0.0441572 0.007873
1 0.00573733 0.000353231 0.992583 0.000207294 7.21163e-05 0.000107733 0.000939507
3 0.00994594 0.000493926 0.0149557 0.00624746 0.00944761 0.0234861 0.935423
3 0.0245496 0.00407129 0.0183359 0.000224739 0.00915739 0.00540337 0.938258
2 0.000714049 0.0355908 0.00249534 0.00256005 0.00298873 0.954935 0.000715779
1 0.0940503 0.00585335 0.843457 0.0042795 0.0205612 0.00425845 0.0275403
5 0.82398 0.000329741 0.155069 0.00018712 0.0199942 0.00023224 0.000207098
2 0.000137952 0.00584527 0.000202233 0.00236778 0.000888349 0.99023 0.000328205
7 0.00964628 0.92405 0.00781424 0.00452891 0.0187689 0.0277788 0.00741285
1 0.0378172 0.000782183 0.953058 0.000472165 0.00495768 0.000483812 0.00242848
3 0.00961908 0.00017361 0.0122741 0.00163545 0.00230097 0.00605359 0.967943
2 0.00470846 0.0407547 0.00489041 0.053057 0.00963731 0.882431 0.0045207
7 0.00505444 0.933768 0.00837046 0.00508587 0.00165374 0.0437683 0.00229899
6 0.0131657 0.0162494 0.00342747 0.930338 0.00786798 0.0244923 0.00445939
1 0.0490409 0.000217195 0.939642 0.000243964 0.00951784 0.000268156 0.00106944
1 0.108063 0.000150308 0.885168 8.98954e-05 0.00624189 4.21716e-05 0.00024503
3 0.0221296 0.00225291 0.00892762 0.00218599 0.00280607 0.0261547 0.935543
7 0.000406945 0.964146 0.00267722 0.000866484 0.00786311 0.0195792 0.00446136
6 0.00837955 0.0111571 0.00341254 0.849007 0.00878238 0.107729 0.0115323
1 0.0411436 5.81853e-05 0.957062 5.29624e-05 0.00164676 1.82741e-05 1.81327e-05
1 0.13374 0.0231864 0.774631 0.00364719 0.0269741 0.0189194 0.0189021
3 0.0207767 0.000270138 0.0177404 0.00123018 0.00905778 0.000439298 0.950485
7 0.000975549 0.988745 0.00626856 0.00053245 0.0009894 0.00165122 0.000838173
1 0.105648 0.00170169 0.879864 0.000197741 0.0122954 0.000193538 0.000100191
7 0.00320938 0.970179 0.00659415 0.00197604 0.00376262 0.00870658 0.00557235
6 0.0078882 0.0131109 0.00380666 0.847531 0.00909527 0.107599 0.0109689
1 0.0798089 0.0099683 0.834543 0.00493921 0.0465599 0.00533621 0.0188445
1 0.145605 0.00146444 0.841613 0.00046877 0.00839935 0.000862384 0.00158678
3 0.0232028 0.00187876 0.0186491 0.00113718 0.0137714 0.0130419 0.928319
5 0.837468 5.68818e-05 0.156502 0.000154322 0.00536344 3.68484e-05 0.000418494
5 0.759768 0.00106799 0.192824 0.00137183 0.0310593 0.00309269 0.0108166
2 0.00373054 0.0245357 0.00359409 0.0815525 0.00248286 0.879564 0.00454034
7 0.00269374 0.952572 0.0133658 0.00295202 0.00388526 0.0180223 0.00650851
6 0.0088727 0.0193979 0.00608548 0.835053 0.0106618 0.104174 0.0157549
1 0.118569 0.00209262 0.849926 0.00106469 0.016705 0.00220866 0.0094347
3 0.00169317 0.000992109 0.00137715 0.00649189 0.00117532 0.00927646 0.978994
7 0.00381387 0.910069 0.00214115 0.0251617 0.00407606 0.0455163 0.00922227
1 0.0652437 0.00385883 0.914852 0.000764683 0.00289905 0.00362817 0.00875392
4 0.0324855 0.00610347 0.00672892 0.000505357 0.944452 0.0079241 0.00180095
7 0.00387502 0.954088 0.00219488 0.00363192 0.00347163 0.0319771 0.000761112
1 0.143677 0.000140383 0.849449 0.000224231 0.00539166 0.000120589 0.000997395
4 0.0148122 0.00193478 0.00104936 0.0199962 0.939612 0.00722769 0.0153673
7 0.00029465 0.907887 0.000390065 0.0326404 0.00805838 0.04493 0.00579946
1 0.0272941 0.00970377 0.900093 0.00713761 0.0356828 0.00465261 0.015436
4 0.00234129 0.000341811 0.00189757 0.000851511 0.971808 0.000495664 0.0222642
5 0.775618 0.00169857 0.14384 0.000553718 0.0671289 0.000557202 0.0106043
2 0.000520285 0.0300835 0.000195822 0.00492786 0.00133634 0.961806 0.00113038
7 0.00282476 0.902106 0.00146794 0.0215836 0.00886709 0.0407307 0.0224199
1 0.0218108 0.0089627 0.937421 0.0041375 0.0169424 0.0038161 0.00690915
5 0.906528 0.00590511 0.0102398 0.000412528 0.0744109 0.00148883 0.00101511
7 0.000196401 0.92556 0.000338629 0.0230679 0.00462359 0.0458217 0.000391943
1 0.0758992 0.00731941 0.830309 0.0127138 0.0475769 0.00308706 0.0230946
1 0.0610319 0.00033644 0.933343 0.000267912 0.00477075 6.45354e-05 0.000185306
4 0.0690565 0.00362995 0.0276125 0.00115244 0.874048 0.00469891 0.0198017
2 0.00111794 0.0313482 0.00216248 0.0333284 0.00312146 0.920234 0.00868787
6 0.00269918 0.0135474 0.00541603 0.859217 0.0143946 0.0716908 0.0330352
1 0.0803442 0.00330698 0.827925 0.0079993 0.0505488 0.00417411 0.0257017
4 0.000369086 4.02083e-05 0.000117643 0.000824269 0.984188 0.000216194 0.0142449
4 0.0018918 0.00846155 0.00120686 0.00489719 0.961603 0.00125485 0.0206843
2 0.00212968 0.00809261 0.00132096 0.0200012 0.00520597 0.953484 0.00976536
6 0.00487636 0.0452299 0.00517941 0.84388 0.0326934 0.0528633 0.0152773
1 0.00499132 0.000703236 0.954692 0.00394842 0.0321801 0.00180169 0.00168368
4 0.00940857 0.000389674 0.00320222 0.00237972 0.975741 0.00094319 0.0079355
3 0.00453541 0.00538501 0.00624966 0.00282462 0.0258957 0.00441528 0.950694
5 0.787099 0.0295224 0.136911 0.00459045 0.0266284 0.00733942 0.0079099
2 0.00502423 0.0358271 0.0021846 0.00923511 0.00298021 0.942112 0.00263722
4 0.0143825 0.0028744 0.0217638 0.00176124 0.952616 0.000707686 0.00589431
2 0.00920292 0.0423732 0.00340583 0.0555626 0.0102072 0.867425 0.011823
7 0.00185105 0.926127 0.00374417 0.00727101 0.0163807 0.0417392 0.00288693
1 0.0313832 0.000155212 0.957623 0.000791494 0.00750569 0.000242708 0.0022986
2 0.000862016 0.00861817 0.00054637 0.0694015 0.000584368 0.918577 0.0014106
6 0.00114276 0.00357362 0.000866248 0.874325 0.00646154 0.10765 0.00598116
1 0.0356783 0.000675403 0.913557 0.00219535 0.020306 0.000728854 0.0268587
4 0.000405826 0.00583338 0.000557816 0.0175957 0.956365 0.00974699 0.00949489
2 0.00185449 0.0194443 0.00137899 0.0829803 0.000904237 0.89006 0.00337721
1 0.144418 0.000608202 0.818387 0.00484083 0.0174003 0.00184138 0.012504
5 0.830786 0.00755412 0.154391 0.000884822 0.0048735 0.00115662 0.000353919
2 0.0016316 0.0423217 0.000501081 0.0513821 0.0029581 0.900395 0.000810958
1 0.146879 0.000540587 0.844254 0.000647179 0.00675288 0.000277382 0.000648371
4 0.00948294 0.0105336 0.00993087 0.00447074 0.947245 0.00335167 0.0149854
4 0.0032349 0.00844678 0.00116299 0.0141076 0.960726 0.0103448 0.00197724
2 0.00540841 0.020525 0.00384869 0.127922 0.00710022 0.830247 0.00494819
7 0.000584965 0.968993 0.001263 0.0126817 0.00179031 0.0143852 0.000301688
1 0.147256 0.000541811 0.842817 0.000446003 0.00668434 0.000629168 0.00162512
3 0.0124648 0.0110534 0.00386319 0.0017666 0.0153461 0.00989667 0.945609
5 0.737491 0.00829606 0.222804 0.00188366 0.0253048 0.00344317 0.00077652
2 0.000302784 0.0144255 0.000287223 0.0284859 0.000341872 0.955495 0.000661617
7 0.000748683 0.943835 0.00170914 0.00301222 0.00636115 0.0426822 0.0016513
6 0.00190665 0.0172189 0.00286188 0.854717 0.00421809 0.107714 0.0113637
1 0.0364028 0.000111216 0.945838 0.000701455 0.000907116 0.00163888 0.0144001
4 0.083523 0.013517 0.00888627 0.00157134 0.88276 0.00879895 0.000943031
5 0.795623 0.0387897 0.0644044 0.0082342 0.0589845 0.0188522 0.0151124
7 0.000426075 0.933474 0.000377122 0.0182223 0.00211228 0.0447951 0.000593176
1 0.147119 0.000970856 0.841712 0.000899491 0.00469675 0.00260036 0.00200102
4 0.0497322 0.020606 0.0224425 0.00819317 0.86907 0.013892 0.0160642
5 0.795403 0.00508484 0.144508 0.00278821 0.0429485 0.00324881 0.00601832
5 0.797864 0.00270995 0.132268 0.00166805 0.0593033 0.00244038 0.00374594
2 0.00107834 0.0245197 0.00399224 0.103921 0.00600564 0.85069 0.00979312
7 0.0100839 0.913873 0.00790088 0.0124398 0.00953226 0.0370634 0.00910662
6 0.000779081 0.00203427 0.00134162 0.878236 0.000233802 0.107454 0.00992195
1 0.0609756 0.0116195 0.833471 0.00776982 0.0452895 0.00757293 0.0333019
4 0.0835074 0.00170099 0.010068 0.000538343 0.900803 0.000927487 0.00245484
2 0.000630374 0.00946821 0.000376391 0.104182 0.000661247 0.882249 0.00243303
6 0.00256097 0.0473658 0.00295623 0.839745 0.00849828 0.0868092 0.012065
1 0.147577 0.000269114 0.845509 0.000810427 0.00538183 0.000343077 0.000109595
4 0.0374689 0.0185669 0.0153918 0.00602972 0.895164 0.0142491 0.0131296
3 0.00564051 0.00649455 0.002808 0.0191981 0.0280918 0.011153 0.926614
5 0.761798 0.0111459 0.141393 0.0054791 0.0642824 0.00630048 0.00960094
2 0.00536616 0.0202195 0.00299801 0.0978897 0.00544086 0.842092 0.0259941
7 0.00417632 0.970199 0.00267838 0.00196748 0.014795 0.00457324 0.00161102
1 0.274624 0.000992073 0.696648 0.00102763 0.0250611 0.000538697 0.00110889
4 0.0549099 0.0219568 0.0194177 0.00899544 0.878174 0.00743614 0.00911037
5 0.787877 0.0134854 0.0986514 0.00568204 0.0865942 0.0016308 0.00607913
7 0.000624661 0.994246 0.00355297 0.000310594 0.000214324 0.000991752 5.94526e-05
6 0.00322092 0.0295639 0.00339125 0.845211 0.00182899 0.105344 0.0114396
1 0.145099 0.00923602 0.822967 0.000767658 0.019329 0.00105773 0.0015435
5 0.792758 0.0105462 0.151172 0.00290825 0.031757 0.00441197 0.00644692
2 0.000484975 0.0359068 0.00311227 0.0990643 0.00417196 0.846379 0.0108807
7 0.00297959 0.921123 0.00705397 0.0151867 0.0100822 0.0412486 0.00232559
6 0.000187468 0.000170217 0.000284387 0.92815 0.000176774 0.0577163 0.0133152
1 0.065151 0.0110727 0.849387 0.00454366 0.0443311 0.00288884 0.0226261
1 0.132188 0.00626682 0.801277 0.00481789 0.0137094 0.00547586 0.0362649
4 0.0334145 0.0169339 0.0106727 0.00940584 0.893921 0.017204 0.0184482
5 0.73037 0.0317028 0.159355 0.00698435 0.0543744 0.00974206 0.00747197
2 0.000824771 0.0209108 0.000502844 0.103422 0.00178376 0.859563 0.012993
7 0.000606451 0.974581 0.00177451 0.00171439 0.00343541 0.0172157 0.000672944
6 0.000260455 0.000718427 0.000328048 0.956792 0.00202354 0.0276157 0.0122615
1 0.144665 0.00756735 0.820133 0.00371438 0.0108718 0.00548394 0.00756455
4 0.00537137 0.00266691 0.000672864 0.016955 0.955998 0.00666678 0.0116694
4 0.00220716 0.00432884 0.000505587 0.0174028 0.957261 0.00754865 0.0107456
2 0.00027612 0.0191905 0.000328657 0.104597 0.00405731 0.862935 0.00861537
7 1.36879e-05 0.992981 0.000101277 0.0015422 0.000350649 0.00458965 0.000421229
6 0.000274201 0.000925469 0.000186084 0.932632 0.00109107 0.0551592 0.00973169
1 0.144899 0.00289287 0.831766 0.00175156 0.0158066 0.00156769 0.00131572
5 0.762137 0.0387243 0.16306 0.00120612 0.0276719 0.00541454 0.00178576
2 0.00148589 0.0355064 0.00077221 0.00396748 0.00660087 0.943491 0.0081766
7 0.0211471 0.941918 0.00639115 0.00127868 0.0079695 0.0130807 0.00821465
1 0.143761 0.00111811 0.834043 0.000479325 0.0129957 0.000969726 0.00663323
4 0.00564831 0.00811004 0.0103413 0.000109473 0.975318 0.000378874 9.41885e-05
3 0.00351777 0.0102953 0.00477792 0.0112424 0.00198531 0.0247246 0.943457
7 0.0153609 0.940169 0.00796335 0.000980694 0.017075 0.0128775 0.00557336
1 0.0511997 0.00538729 0.898887 0.00178365 0.0371786 0.00345634 0.00210692
1 0.147408 0.00705302 0.843818 0.000128572 0.00125984 0.000242576 9.03072e-05
1 0.020583 0.00024119 0.97076 7.78221e-05 0.00806398 0.000108297 0.000165629
4 0.0256324 0.0103069 0.00831837 0.00676535 0.92379 0.00858459 0.0166023
2 0.00661629 0.0366301 0.00656119 0.00708357 0.00903092 0.919842 0.0142357
7 0.00807661 0.912909 0.00637202 0.00130355 0.0153035 0.043741 0.012294
6 0.00282074 0.00413034 0.00380562 0.91534 0.0058105 0.0417204 0.0263728
1 0.0581575 0.000688474 0.934038 0.000217874 0.00614284 0.000568865 0.000186772
4 0.0600176 0.010831 0.0347762 0.00156861 0.890351 0.00182618 0.000629051
2 0.0110285 0.034651 0.0117231 0.00517139 0.00894598 0.913764 0.0147158
1 0.0911093 0.0257828 0.840366 0.00334048 0.0267402 0.00957531 0.00308577
6 0.00888075 0.0114105 0.00359575 0.845276 0.00692744 0.10741 0.0164996
1 0.0473005 0.000715542 0.948479 0.000112521 0.00272108 0.000561588 0.000109812
4 0.00107059 0.00211086 0.00110608 0.000736123 0.994563 0.000127375 0.000286431
3 0.0141219 0.0037725 0.0108165 0.0152297 0.00890662 0.0108379 0.936315
5 0.817842 0.0383243 0.125021 0.00186005 0.00854536 0.00522847 0.00317895
7 0.022587 0.946843 0.0121178 0.000304932 0.00769906 0.00475495 0.00569316
1 0.136577 0.00699343 0.824231 0.00104419 0.028009 0.00157682 0.00156894
1 0.147934 0.000481917 0.848156 0.000125092 0.00311162 0.00011687 7.37802e-05
1 0.143788 0.00264029 0.823236 0.00117637 0.0273273 0.000784001 0.00104854
2 0.0078165 0.0284638 0.00828144 0.00142847 0.00233242 0.936499 0.0151785
6 0.00556321 0.00262332 0.00281934 0.963447 0.00105361 0.0180926 0.00640075
4 0.0865918 0.00639661 0.0106322 0.00254052 0.891516 0.000891372 0.00143126
6 0.0072269 0.00219275 0.00265502 0.964681 0.000428188 0.0125133 0.0103029
1 0.136287 0.00848984 0.81063 0.000683799 0.0388517 0.00200704 0.0030507
4 0.0802492 0.00476316 0.0251175 0.000136329 0.888963 0.00033186 0.000439427
2 0.00773939 0.02782 0.00668937 0.0121975 0.00224632 0.927171 0.0161363
1 0.146485 0.000288297 0.837222 0.000593186 0.00640324 0.00159181 0.0074169
4 0.0169524 0.00226806 0.00163789 0.00234333 0.948152 0.00504138 0.0236052
4 0.0706017 0.00347336 0.0298154 0.000342588 0.884291 0.00330377 0.00817259
3 0.00477746 0.00147603 0.00148742 0.0192926 0.020356 0.0187738 0.933837
7 0.000828399 0.92682 0.000412494 0.00609887 0.00401004 0.0443228 0.0175074
1 0.141011 0.0272837 0.803386 0.00236536 0.0144806 0.00516866 0.00630446
1 0.140307 0.00932515 0.804155 0.00237664 0.0315115 0.00523937 0.0070854
4 0.0400038 0.0065157 0.00832514 0.000479786 0.926609 0.0112466 0.00682028
3 0.0168053 0.0080406 0.00448588 0.00444985 0.0229214 0.025843 0.917454
5 0.715494 0.0145062 0.234155 0.00237802 0.00720266 0.0135538 0.0127098
2 0.000558645 0.0359108 0.000382604 0.00277925 0.00509763 0.953907 0.00136377
7 0.0170855 0.931092 0.00129852 0.00433551 0.0181115 0.0240382 0.00403885
6 0.00683091 0.014792 0.00393403 0.885364 0.00368708 0.0555572 0.0298348
1 0.146176 0.0033491 0.83742 0.00208941 0.006481 0.0023171 0.00216816
1 0.0691904 0.00082368 0.924256 0.000627268 0.00411731 0.000395684 0.000589846
4 0.00321587 0.000240028 0.000521018 0.000112682 0.995219 0.000376267 0.000315164
3 0.0187912 0.00990576 0.00715873 0.00386584 0.0240649 0.00914113 0.927072
2 0.00098624 0.0358799 0.000371426 0.00606989 0.00185983 0.952914 0.00191841
6 0.00884466 0.051407 0.0043101 0.817403 0.0239498 0.0833798 0.0107053
6 0.00257986 0.000448589 0.000496105 0.980673 0.000493131 0.0146521 0.00065717
1 0.131369 0.000625877 0.856242 0.000215491 0.0112839 0.000192497 7.15804e-05
5 0.519343 0.000376321 0.443127 0.00126467 0.0339898 0.00100863 0.000891263
4 0.0161396 0.00280532 0.00525238 0.00115356 0.956883 0.00167938 0.0160869
4 0.0821655 0.00223874 0.020619 0.00304238 0.870504 0.00531036 0.0161203
5 0.800412 0.00272504 0.178327 0.000840383 0.0147638 0.00245532 0.000477156
1 0.480257 0.0110633 0.481339 0.00134028 0.0195855 0.00256089 0.00385332
2 0.00280441 0.0460914 0.00344437 0.061858 0.00770024 0.865632 0.0124697
7 0.00342185 0.902516 0.00150855 0.0197825 0.0144604 0.0450075 0.0133028
6 0.00487633 0.0106916 0.00387188 0.842669 0.0300889 0.0764125 0.0313899
6 0.00498908 0.00833584 0.00222204 0.914915 0.0113094 0.0329442 0.0252847
1 0.0718095 0.00046097 0.9239 0.000580271 0.00292596 0.000197206 0.000126135
1 0.147162 0.000846646 0.84421 0.000537549 0.00550922 0.000904942 0.000829639
4 0.0229826 0.00497127 0.0024435 0.0137873 0.906501 0.0250671 0.0242469
3 0.00428829 0.00250038 0.0014754 0.0178638 0.000956857 0.0166617 0.956254
5 0.791398 0.009421 0.15212 0.00263792 0.0366325 0.00454595 0.00324393
2 0.00357565 0.0118663 0.00160146 0.0668347 0.0010496 0.891689 0.0233835
2 0.000444741 0.0151525 0.000257297 0.00865629 0.00120559 0.969668 0.00461598
7 0.00081246 0.881347 0.000366235 0.015836 0.00436052 0.0874014 0.00987633
6 0.00173147 0.000941855 0.00175865 0.934021 0.00862396 0.0294798 0.0234429
1 0.177743 0.00130437 0.789953 0.000890252 0.0260117 0.00214951 0.00194871
4 0.0863069 0.000693792 0.00398913 0.00193652 0.890051 0.00868581 0.00833651
3 0.00208383 0.00593499 0.00149126 0.0214993 0.00977269 0.025282 0.933936
5 0.76224 0.0253746 0.143748 0.00301601 0.0480108 0.0068138 0.0107966
5 0.977435 0.000145141 0.0177804 0.00104662 0.00267391 0.000319135 0.000600277
7 0.00788563 0.911589 0.00215532 0.0167379 0.00592421 0.0445623 0.011146
1 0.146865 0.000246909 0.840679 0.000926043 0.00936843 0.000501261 0.00141385
4 0.0800324 0.000190231 0.0305227 0.00174226 0.878119 0.0011691 0.00822429
5 0.808026 0.00064614 0.15436 0.00101016 0.034588 0.000567409 0.000803148
7 0.00237742 0.947198 0.000842157 0.00423515 0.000458639 0.044238 0.000650179
6 0.000733565 6.06162e-05 0.000379467 0.986177 0.000525187 0.00665459 0.00546908
1 0.132031 0.00110211 0.812811 0.00464383 0.0437522 0.00346414 0.00219606
1 0.0687189 0.036756 0.835918 0.00343909 0.0467545 0.00490852 0.00350529
4 0.0190477 0.0028162 0.0126399 0.00360772 0.928684 0.00806827 0.0251366
3 0.0133642 0.00555802 0.00856525 0.00445308 0.0110767 0.0265581 0.930425
2 0.000446992 0.0034849 0.000219256 0.0156356 0.000310474 0.978283 0.00161942
6 0.00152733 0.00101006 0.00438202 0.973253 0.0013639 0.00996479 0.0084991
1 0.147506 0.000277714 0.84618 0.000796199 0.00413526 0.000463628 0.000641008
4 0.0231434 0.00519525 0.00341262 0.00104787 0.953444 0.0113935 0.00236303
3 0.00157431 0.00158682 0.000634751 0.023775 0.000469012 0.0161151 0.955845
5 0.790434 0.0142348 0.151865 0.00240773 0.0317314 0.00303322 0.0062933
2 0.00329594 0.00453407 0.00108013 0.00698326 0.00288621 0.978766 0.0024543
6 0.00770587 0.00190016 0.00232504 0.924348 0.00377811 0.0358046 0.0241383
1 0.144557 0.00324036 0.823933 0.00228639 0.00541638 0.00647845 0.0140885
1 0.147999 0.00026296 0.84828 0.000295409 0.00268548 0.000260884 0.000216515
4 0.00794226 0.00337601 0.00195297 0.00208716 0.958935 0.0113015 0.0144055
3 0.00791861 0.00812083 0.00594488 0.0219088 0.0187297 0.0195616 0.917816
2 0.00990046 0.0357823 0.0037317 0.00506856 0.00861465 0.93322 0.00368264
7 0.00408879 0.945129 0.000307136 0.00333935 0.00184555 0.0443525 0.000937879
6 0.0018174 0.0041862 0.000667506 0.89678 0.0031475 0.0749582 0.0184429
1 0.141456 0.00821088 0.839526 0.0015244 0.00500852 0.00215588 0.00211784
3 0.00386837 0.00743361 0.00986907 0.0109143 0.0258187 0.0206228 0.921473
5 0.547591 0.0201705 0.402305 0.00103525 0.0234593 0.00108722 0.0043523
2 0.00133514 0.0375242 0.000830726 0.098918 0.00873044 0.85094 0.00172167
7 0.000809157 0.94807 0.00508697 0.0107877 0.010916 0.0149264 0.00940393
1 0.00691777 0.00185356 0.981948 0.000769774 0.00285405 0.00101918 0.00463811
4 0.0812524 0.0109981 0.0232257 0.00273212 0.859795 0.012589 0.00940729
3 0.00506887 0.0127871 0.00451664 0.0245364 0.0133398 0.0166427 0.923108
2 0.00074845 0.0474873 0.00065871 0.0809323 0.00649647 0.861922 0.00175454
7 0.000499898 0.943904 0.000840915 0.00586057 0.0137956 0.0232585 0.0118409
6 0.000972527 0.011811 0.000924949 0.865031 0.0063426 0.108554 0.0063637
1 0.0144331 0.000153214 0.983222 0.000428257 0.000700715 0.000279071 0.000783569
1 0.083637 0.00987032 0.829332 0.00310986 0.0481093 0.00520804 0.0207332
4 0.0821907 0.0130212 0.0126788 0.00399369 0.873991 0.00556754 0.00855752
4 0.0857284 0.00427971 0.0186932 0.000334129 0.889193 0.00110354 0.000668341
5 0.738995 0.00610963 0.0747538 0.00490476 0.127945 0.016316 0.0309753
7 0.000861297 0.9511 0.00112172 0.0206976 0.0106225 0.0138067 0.00178983
1 0.0248269 0.00331324 0.949857 0.000948423 0.0103174 0.00109893 0.00963774
1 0.0300026 0.00291357 0.932381 0.0020202 0.0146405 0.00426195 0.0137807
3 0.00531363 0.00266785 0.0141406 0.0127374 0.0243298 0.0026475 0.938163
5 0.816811 0.00543038 0.0803839 0.00258581 0.0843224 0.00397962 0.00648656
2 0.000992262 0.0373474 0.00264422 0.0992465 0.00373707 0.853187 0.00284602
7 0.00302593 0.922702 0.00341745 0.0200776 0.0019172 0.0447039 0.00415633
1 0.066578 0.000757634 0.911167 0.00119876 0.0173844 0.000579432 0.0023349
4 0.0713993 0.0139793 0.0205183 0.0012063 0.8783 0.00194254 0.0126543
3 0.00793123 0.0104943 0.00362055 0.0144291 0.0282454 0.0100837 0.925196
5 0.810529 0.00107323 0.149661 0.000358103 0.0323315 0.000629513 0.00541802
5 0.837112 0.0078719 0.0632616 0.0030637 0.0805919 0.00322958 0.00486923
2 0.00422222 0.0467664 0.000964195 0.0691849 0.00542627 0.868418 0.00501794
7 0.000583452 0.972513 0.00255933 0.00795443 0.00563767 0.0053611 0.00539129
3 0.00278609 0.00159368 0.0125342 0.0064409 0.023943 0.00150579 0.951196
2 0.00024821 0.0213148 0.000256737 0.105145 0.00649875 0.864848 0.0016883
7 0.0117804 0.951405 0.0052033 0.00362089 0.0160928 0.00547648 0.00642102
1 0.158245 0.01892 0.757191 0.00476257 0.0378106 0.00419889 0.018872
4 0.0530617 0.00880492 0.0964286 0.00126789 0.83076 0.00179113 0.00788615
2 0.00155275 0.0166056 0.00109474 0.241427 0.00583259 0.729009 0.00447781
7 0.000428073 0.98838 0.000715325 0.00372187 0.00167227 0.00439236 0.000690243
6 0.00528623 0.00753846 0.00398549 0.918323 0.0123481 0.0281878 0.0243311
1 0.12198 0.0129879 0.831808 0.00138198 0.0291243 0.000819375 0.00189776
1 0.146342 0.00348601 0.838104 0.000970767 0.00869299 0.000977386 0.00142708
4 0.000776944 0.00104861 0.00089251 0.00852827 0.985289 0.000829543 0.00263501
2 0.00190013 0.020548 0.0040805 0.104265 0.00607595 0.856374 0.00675594
7 0.00196443 0.958235 0.00256557 0.0183371 0.00401296 0.0134284 0.00145677
6 0.00108974 0.000435593 0.00149708 0.987172 0.00101683 0.00184033 0.0069481
1 0.0688969 0.00278763 0.874839 0.00205906 0.0428863 0.00164986 0.00688106
1 0.0160785 0.00862906 0.961 0.000800512 0.00596351 0.00150622 0.006022
4 0.0827331 0.0155668 0.0167396 0.0027397 0.870853 0.00161318 0.00975494
5 0.712093 0.0162646 0.127714 0.00583155 0.112472 0.0101342 0.0154895
2 0.000993808 0.0244363 0.0010682 0.0891175 0.00460845 0.876697 0.00307874
7 0.0116058 0.890489 0.00361326 0.0367692 0.0128995 0.0399107 0.00471273
6 0.00497565 0.0167812 0.00353879 0.836563 0.0085228 0.103923 0.0256962
1 0.0560119 0.00495679 0.87594 0.00448293 0.0398099 0.00226052 0.0165378
4 0.0850997 0.00819935 0.0169757 0.00331274 0.872025 0.00537974 0.00900747
2 0.000759024 0.0213123 0.000304039 0.103423 0.0065261 0.863089 0.00458596
7 0.000388541 0.921207 0.000316104 0.0251216 0.00466082 0.0455135 0.00279203
7 0.000445792 0.936741 0.000239889 0.00805094 0.0110137 0.0408446 0.00266457
1 0.144604 0.00306793 0.819814 0.00160296 0.0192494 0.00223201 0.00942962
3 0.024914 0.00559835 0.00924993 0.000758691 0.0192379 0.00605595 0.934185
5 0.81767 0.000346272 0.154491 0.000571802 0.0229653 0.000897734 0.00305732
2 0.00535596 0.0357161 0.00647125 0.00152174 0.00678806 0.938423 0.00572337
7 0.0144304 0.951471 0.0153203 0.000305827 0.0115135 0.00218935 0.00476986
6 0.00620635 0.00191335 0.00392131 0.901798 0.0133823 0.052349 0.0204293
1 0.0112547 2.81016e-05 0.987956 0.000151199 0.000151219 7.16117e-05 0.000387039
3 0.0276216 0.000537653 0.0095977 0.00437843 0.00330448 0.0152302 0.93933
3 0.0260458 0.00309686 0.0113022 0.00407017 0.0103205 0.026399 0.918766
2 0.0100149 0.00257433 0.00571283 0.00652453 0.0106132 0.945305 0.0192551
7 0.0121733 0.916243 0.00900844 0.000906269 0.00401754 0.0440761 0.0135754
6 0.00462439 0.00124044 0.00404636 0.906944 0.00812885 0.0470521 0.0279641
1 0.147757 0.000105324 0.846856 0.000484602 0.00261759 0.000978978 0.00120034
4 0.0429968 5.85005e-05 0.0199625 6.87205e-05 0.93538 0.000155834 0.001378
3 0.0149027 0.00784025 0.0117498 0.00467704 0.00347115 0.0245103 0.932849
5 0.83793 0.000174314 0.156663 0.000499799 0.00403117 0.000557678 0.000143863
2 0.00350435 0.0104429 0.00225433 0.00482009 0.0092323 0.958635 0.0111107
2 0.000715415 0.00474769 0.000528109 0.0360866 0.0018027 0.954005 0.00211475
7 0.0147852 0.908439 0.0124596 0.00338732 0.0200574 0.0315539 0.00931804
6 0.00297055 0.000422546 0.00364343 0.953155 0.0027249 0.0259743 0.0111093
1 0.135166 1.68561e-05 0.854085 0.000305755 0.0101143 0.000118318 0.00019413
1 0.148341 5.42084e-05 0.850208 0.00020804 0.000862839 0.000268328 5.70255e-05
4 0.0536495 0.00134883 0.0336702 0.000596833 0.902813 0.000781669 0.00714036
3 0.000774933 0.000383514 0.000834373 0.00565496 0.000474196 0.00113594 0.990742
5 0.74591 0.000424652 0.203218 0.00231954 0.0385676 0.000790216 0.00877003
2 0.00568953 0.0208713 0.00688476 0.0428458 0.00960161 0.883623 0.0304842
6 4.10453e-05 2.03034e-06 0.000351588 0.999359 1.9446e-05 0.000147143 7.98064e-05
1 0.0544632 6.57895e-05 0.934771 0.000183128 0.00979526 5.27613e-05 0.000669282
1 0.0552957 0.000715854 0.896787 0.000971436 0.0398805 0.00093145 0.00541834
3 0.00317411 0.00574993 0.00233002 0.00555408 0.00852874 0.0250662 0.949597
5 0.799124 0.00111089 0.15292 0.00206359 0.0334674 0.00751705 0.00379773
5 0.942304 0.000223961 0.0527134 0.000722179 0.00326091 0.000349481 0.000426514
2 0.0130197 0.0161686 0.00794747 0.0266655 0.0299478 0.885902 0.0203485
2 0.000603721 0.00981737 0.000381966 0.0532571 0.00127805 0.927983 0.00667861
7 0.00166488 0.925263 0.00373031 0.00159487 0.0109456 0.0446498 0.0121512
6 0.000292794 0.000162511 0.000425098 0.959854 0.00141771 0.0306074 0.00724088
1 0.142665 0.000191257 0.826588 0.000459563 0.0298333 8.89662e-05 0.000173942
4 0.0440436 0.000966363 0.0288352 0.000876796 0.913586 0.000879978 0.0108122
3 0.0237966 0.00165534 0.00936008 0.00747236 0.00704536 0.0152342 0.935436
5 0.950487 0.000299415 0.0110786 0.00473477 0.0188775 0.00213816 0.0123844
2 0.00225137 0.0102295 0.00176286 0.0406842 0.00853152 0.912567 0.0239739
2 0.00559739 0.0352633 0.00257132 0.0254811 0.00876392 0.908038 0.0142852
6 0.000243054 4.6583e-05 0.000433824 0.988635 0.00104285 0.00467732 0.00492146
1 0.0814588 0.0052549 0.851814 0.00279556 0.0388508 0.00504871 0.014777
1 0.147512 0.000162289 0.84374 0.000416792 0.00747676 0.000312668 0.000379084
4 0.0516409 0.000399333 0.126971 0.000527258 0.817386 0.000517315 0.00255852
3 0.00804945 0.00593876 0.00829972 0.00311157 0.00936078 0.0233745 0.941865
5 0.779607 0.000214163 0.170262 0.000897876 0.0474082 0.000477488 0.00113267
2 0.00600091 0.00621439 0.0045543 0.0145935 0.00265216 0.946578 0.0194068
1 0.147047 2.4639e-05 0.846033 0.000129435 0.00669344 3.09432e-05 4.20342e-05
4 0.0524426 0.00174112 0.0336595 0.00152085 0.893106 0.00656744 0.0109625
3 0.00209014 0.00658694 0.0085783 0.0114039 0.000866021 0.0252497 0.945225
5 0.823755 0.000270159 0.154905 0.000830546 0.0163454 0.000448046 0.00344621
5 0.803913 0.000657756 0.155572 0.00138656 0.028754 0.00150826 0.00820875
2 0.00195211 0.0153755 0.0023358 0.0173065 0.00788516 0.933715 0.02143
7 0.01011 0.803557 0.0100511 0.0112408 0.00850688 0.121602 0.0349325
6 0.00495208 0.000508698 0.0039386 0.956971 0.00247032 0.00987308 0.0212867
1 0.13463 0.000412551 0.837405 0.00120571 0.0232518 0.00120677 0.00188814
4 0.0493236 6.30327e-05 0.0247958 0.000122497 0.923405 0.000522214 0.00176758
3 0.00328642 0.000415836 0.00118109 0.00708034 0.000162197 0.0232333 0.964641
1 0.43905 0.00017828 0.527295 0.00139591 0.0230818 0.00089904 0.00810025
2 0.0110886 0.036049 0.0090478 0.0185893 0.020207 0.887682 0.0173362
2 0.0119794 0.00854271 0.00392994 0.0363498 0.00923418 0.908793 0.021171
1 0.0380968 5.75703e-05 0.955127 0.000459992 0.0059028 0.000166027 0.000190116
4 0.0236702 0.000464211 0.0273273 0.000692598 0.93469 0.00153615 0.0116197
3 0.0136661 0.00819061 0.0104181 0.00314285 0.0154096 0.0118722 0.937301
5 0.82762 8.66686e-05 0.155353 0.00119599 0.0137122 0.000442553 0.00158895
2 0.00189143 0.00462823 0.00119988 0.0293618 0.000973282 0.940491 0.0214546
6 0.00696423 0.00998838 0.00410361 0.859688 0.0100767 0.0735569 0.0356218
6 0.00157848 0.00062444 0.000679601 0.897895 0.00298924 0.0804291 0.0158037
1 0.127583 0.000136399 0.85918 0.000671799 0.0113846 0.000540974 0.00050277
1 0.057865 5.46277e-05 0.924646 0.000190746 0.016478 0.00017757 0.000588426
