labels 5 7 1 6 4 2 3
5 0.905898 0.0111756 0.0359993 0.0034387 0.0327402 0.00337322 0.00737527
7 0.00700173 0.975363 0.00161664 0.00378192 0.00362946 0.0068195 0.00178773
1 0.0436721 0.00396697 0.943721 0.000840408 0.00452811 0.000330255 0.00294168
6 0.00311476 0.00522182 0.00282573 0.945015 0.00627482 0.0355362 0.00201147
4 0.0481409 0.00116485 0.00469464 0.000549059 0.944723 0.000368276 0.000359803
2 0.00303984 0.0117619 0.00258952 0.0254951 0.00713689 0.947054 0.00292302
1 0.0248958 0.001373 0.971495 0.000595938 0.000928081 0.000401288 0.000311041
5 0.911907 0.00526632 0.0215195 0.00292838 0.0399757 0.00614835 0.0122548
7 0.0092828 0.978855 0.00139858 0.00143422 0.00107699 0.00565848 0.00229367
6 0.00452314 0.00545081 0.00315743 0.933636 0.00561589 0.0348724 0.0127442
1 0.0199073 0.00334754 0.972628 0.00109346 0.000999478 0.00145728 0.000567302
3 0.00251614 0.0029207 0.00159254 0.00564725 0.00558486 0.00384879 0.97789
7 0.00922981 0.958351 0.0021332 0.0048342 0.00933567 0.00793919 0.00817673
2 0.00535926 0.00815634 0.00248716 0.00670481 0.00387655 0.969145 0.00427038
1 0.00491915 0.000199722 0.989331 0.00122438 0.00340006 0.000241513 0.000683707
4 0.0338408 0.000513307 0.0127764 0.000294199 0.950634 0.000243787 0.00169729
5 0.911582 0.0090154 0.0398085 0.00101006 0.032662 0.00231947 0.00360273
7 0.0128208 0.961698 0.00225331 0.00142688 0.00478212 0.00660297 0.010416
6 0.00142182 0.000211684 0.000625435 0.986105 0.00163219 0.00536113 0.0046429
2 0.00584551 0.00656223 0.00465824 0.0163467 0.00426205 0.953707 0.00861792
1 0.0441258 0.00387806 0.934347 0.00260683 0.0071414 0.00203151 0.00586933
5 0.926663 0.00716294 0.0342814 0.00294151 0.00946866 0.0049317 0.0145512
7 0.0100948 0.976962 0.00135063 0.000850348 0.00578267 0.00403147 0.000927685
6 0.00421028 0.000835535 0.00185419 0.961847 0.00435963 0.0144764 0.0124166
1 0.0437362 0.00396507 0.936084 0.00250643 0.00576696 0.00271819 0.00522321
2 0.00315444 0.00739681 0.00247028 0.0124007 0.00455455 0.968715 0.00130802
1 0.0386193 0.000679647 0.958017 0.000739067 0.000851346 0.0001792 0.000914084
3 0.00509373 0.00145562 0.00368456 0.000741565 0.00193974 0.00397202 0.983113
7 0.00366947 0.986372 0.00631112 0.000391901 0.0011255 0.00127258 0.000857122
1 0.0435648 0.00131028 0.951468 0.000820439 0.00102195 0.00106483 0.000749388
5 0.939227 0.000353435 0.0404799 0.00112374 0.0172705 0.000269066 0.00127675
4 0.047818 0.0039562 0.00131718 0.00162542 0.943281 0.00103111 0.000971205
7 0.00041003 0.966537 0.000408125 0.0159223 0.00381202 0.00956455 0.00334561
1 0.0136782 0.00537112 0.953815 0.00316257 0.0122804 0.00292307 0.00876928
2 0.00182065 0.0144359 0.00168132 0.0419033 0.00363916 0.931047 0.00547284
6 0.00198553 0.00661334 0.00348514 0.935437 0.0149812 0.0226961 0.0148021
4 0.00153924 0.00359308 0.000929899 0.0100646 0.970389 0.000345641 0.0131381
1 0.00796915 0.000184561 0.988197 0.000476398 0.00188023 0.000219359 0.00107353
2 0.00109 0.00788987 0.000658886 0.0466062 0.000517187 0.941898 0.00133973
5 0.951152 0.00367386 0.0349523 0.00109256 0.00812558 0.000672657 0.000331089
4 0.00153656 0.00426071 0.00058555 0.0117509 0.977381 0.0030757 0.00140958
3 0.00227357 0.00543838 0.00277249 0.00110636 0.0055057 0.00149149 0.981412
7 0.000649867 0.980191 0.000833496 0.00608879 0.0035375 0.00743478 0.00126441
1 0.0208442 0.000189752 0.962395 0.00124625 0.00142878 0.00137474 0.0125211
2 0.00216678 0.00463825 0.00147906 0.0511655 0.00311649 0.934865 0.00256927
6 0.00365069 0.0150745 0.00305023 0.934719 0.0105799 0.026337 0.00658819
5 0.910321 0.00625557 0.0425989 0.00341932 0.0286092 0.00342046 0.00537558
4 0.0230619 0.00932686 0.0102018 0.00556381 0.943699 0.00270762 0.00543956
1 0.0436633 0.00474756 0.941729 0.000685592 0.00580257 0.00227631 0.0010956
7 0.0015713 0.972123 0.00433844 0.00739864 0.00435025 0.00890472 0.00131401
2 0.00308394 0.00714444 0.00194219 0.00367927 0.00438741 0.977138 0.00262479
1 0.0437194 0.00118861 0.942833 0.000633973 0.00416549 0.00159104 0.00586836
4 0.0120251 0.00618293 0.00627174 0.00601583 0.955872 0.00308039 0.010552
7 0.0056684 0.967127 0.00347003 0.00099189 0.00601769 0.00968416 0.007041
6 0.00424042 0.00403286 0.00302076 0.946072 0.00674944 0.020107 0.0157776
1 0.0371253 0.0148715 0.928185 0.00230877 0.0103373 0.00370868 0.00346394
5 0.929621 0.0136942 0.0385111 0.00190092 0.00797171 0.00423719 0.00406379
1 0.042781 0.00503416 0.934276 0.00065761 0.0120083 0.00209429 0.00314826
4 0.0343712 0.000943229 0.0130739 0.000530768 0.945545 0.000453242 0.00508221
3 0.00416747 0.00284398 0.00593987 0.00379786 0.00847017 0.00133226 0.973448
2 0.00166024 0.00942164 0.00230498 0.0376419 0.013649 0.925693 0.0096294
6 0.00167547 0.000772134 0.000627336 0.988247 0.0034634 0.00396354 0.00125112
1 0.0322663 0.0168775 0.926325 0.00198895 0.00984693 0.00311451 0.00958131
7 0.00121602 0.975471 0.00038669 0.0038349 0.00697171 0.00843289 0.00368716
5 0.937766 0.00191095 0.0365591 0.0014251 0.0190712 0.00125504 0.00201315
2 0.00687443 0.00837127 0.00280188 0.0076659 0.00519877 0.966013 0.00307437
4 0.0274564 0.00455986 0.00569362 0.00495886 0.938704 0.0020869 0.01654
1 0.0441601 0.00180156 0.935332 0.00251337 0.00719014 0.00314155 0.00586112
3 0.00580169 0.00585826 0.00207605 0.00190611 0.00630776 0.00299575 0.975054
5 0.92323 0.00292548 0.0289853 0.0012722 0.0409519 0.00175431 0.000880965
7 0.00356155 0.9779 0.00109168 0.00355261 0.0024655 0.00858136 0.00284763
1 0.0412214 0.00488094 0.928932 0.0018598 0.0143282 0.00331005 0.00546815
2 0.000608254 0.00745655 0.000365249 0.00635238 0.00206689 0.981983 0.00116753
4 0.0038354 0.000345006 0.000603841 0.00055301 0.993931 7.14078e-05 0.000660449
6 0.00382315 0.0145962 0.00289363 0.92666 0.0176247 0.0297029 0.00469924
1 0.026117 0.000579984 0.968571 0.00142488 0.00188337 0.000671778 0.000752461
3 0.00239454 0.00411979 0.000872357 0.0060988 0.00173936 0.00440623 0.980369
5 0.915522 0.0137392 0.0415111 0.00283068 0.0180013 0.00344014 0.0049554
7 0.00245659 0.969409 0.00162519 0.00744141 0.0032775 0.00917208 0.00661838
4 0.0452583 0.000108766 0.0112684 0.00138466 0.937998 0.000196405 0.00378506
6 0.00196212 0.000189833 0.000926419 0.977649 0.00358429 0.00653784 0.0091508
1 0.0270378 0.0110383 0.940033 0.00224457 0.0151849 0.00317308 0.0012887
2 0.000307133 0.00184248 0.000194721 0.00897838 0.000213936 0.987514 0.000948994
3 0.000863891 0.00411223 0.00556306 0.00600423 0.00699396 0.00478295 0.97168
1 0.00147204 0.00128736 0.99047 0.000704429 0.00142353 0.00077857 0.00386439
4 0.0422018 0.00851598 0.00978084 0.00444893 0.922576 0.00251003 0.0099665
5 0.899104 0.00378928 0.0222008 0.00307314 0.0521041 0.00338649 0.0163422
7 0.000433219 0.973573 0.000781598 0.00819032 0.00775517 0.00810092 0.00116596
2 0.000821004 0.0074993 0.00135338 0.0508918 0.00314699 0.934556 0.0017312
1 0.0171085 0.000960457 0.963154 0.000967868 0.0117776 0.000529852 0.00550136
6 0.00444352 0.00636625 0.00347154 0.925879 0.0101007 0.0338131 0.0159255
7 0.0014535 0.975367 0.00185574 0.00835108 0.00348993 0.00855327 0.000929937
1 0.00078376 0.0034303 0.991324 0.000517843 0.000728203 0.00128775 0.00192781
4 0.0458472 0.00794618 0.00571221 0.00325952 0.928961 0.00126087 0.00701299
2 0.000798867 0.0116426 0.000668913 0.0485406 0.00364641 0.932715 0.00198746
3 0.00602006 0.00329148 0.0041939 0.000765996 0.00951355 0.00128834 0.974927
5 0.936015 0.000501549 0.0404591 0.00106461 0.0188344 0.000851209 0.00227403
7 0.00678492 0.968057 0.00416396 0.000712865 0.00361957 0.00943617 0.00722583
2 0.000869101 0.00456291 0.0011838 0.0494781 0.00153718 0.940491 0.00187824
6 0.00322473 0.000370211 0.00285189 0.961946 0.0076125 0.00953482 0.0144601
1 0.0437631 7.30924e-05 0.947736 0.00077447 0.00678572 0.000255219 0.000612531
3 0.00364267 0.00376371 0.001414 0.00297901 0.00374355 0.00416631 0.980291
5 0.943553 0.000672554 0.00865658 0.00431328 0.0333737 0.00340302 0.00602761
2 0.00327334 0.00745687 0.00273612 0.0158093 0.00589247 0.955472 0.00935982
1 0.0383502 0.0061237 0.923278 0.00248704 0.0162108 0.00365351 0.00989703
4 0.0260536 0.000379336 0.00858304 0.00135248 0.961369 0.000436319 0.00182619
3 0.00448786 0.00506408 0.00486601 0.00237696 0.00827976 0.00258235 0.972343
5 0.909337 0.00597201 0.0273748 0.00282096 0.0409747 0.00821909 0.00530132
7 0.00192154 0.98995 0.000800758 0.00165127 0.00088615 0.00334231 0.00144794
1 0.0414704 0.00356181 0.9293 0.00242943 0.0142207 0.00249438 0.00652317
6 0.00322392 0.00453969 0.0025101 0.856923 0.00545444 0.125799 0.00154946
4 0.0443014 0.0026181 0.00896201 0.00337 0.928143 0.001779 0.0108268
2 0.000703833 0.0143359 0.000857864 0.0432865 0.00328448 0.935667 0.00186423
1 0.0435224 0.00201448 0.949868 0.000502607 0.0035079 0.000497526 8.67694e-05
5 0.922679 0.00489794 0.021097 0.0034795 0.0392276 0.00284758 0.00577151
7 0.00553179 0.960951 0.00207713 0.00975756 0.00533573 0.0101455 0.00620088
6 0.00405014 0.00511882 0.00215608 0.942554 0.00440716 0.0353359 0.00637804
1 0.0439159 0.00467866 0.934462 0.00231963 0.00907473 0.00241284 0.00313581
7 0.0100494 0.967176 0.0030488 0.0015158 0.00490644 0.00978218 0.00352121
4 0.0479923 0.00039151 0.00477542 0.00127953 0.943807 0.0005016 0.00125234
2 0.00526094 0.0085797 0.00399898 0.00590601 0.00384251 0.96691 0.00550172
1 0.0436148 0.000780647 0.945838 0.00129502 0.00213368 0.00122205 0.00511554
5 0.984075 0.0061593 0.00228063 0.00160123 0.00260303 0.00208234 0.00119811
6 0.00402823 0.000670768 0.00333129 0.961076 0.0116758 0.0102468 0.00897079
7 0.010694 0.965159 0.00693003 0.00077264 0.00555067 0.00115559 0.00973816
2 0.00585878 0.00330466 0.00302142 0.0120554 0.00118853 0.966854 0.00771761
1 0.0435293 0.000362434 0.952098 0.00117631 0.000824694 0.000593942 0.00141509
5 0.989296 0.000353917 0.00722422 0.000372175 0.00224322 0.000347543 0.000162867
3 0.00337556 0.00161009 0.00797166 0.00126986 0.00322225 0.00100153 0.981549
7 0.00272537 0.970984 0.00191481 0.00501408 0.00532988 0.00904788 0.00498421
1 0.00563272 0.00377525 0.983357 0.000807055 0.00122191 0.000287461 0.00491908
2 0.00142943 0.00729777 0.00127055 0.0150418 0.00368943 0.970331 0.000939517
6 0.00598314 0.00642386 0.00291657 0.937202 0.00991795 0.0319496 0.00560664
1 0.04344 0.000542468 0.952906 0.000803319 0.00178391 0.000260972 0.000263574
3 0.00499276 0.000467982 0.00812475 0.00198041 0.00372296 0.000215376 0.980496
7 0.00621031 0.97938 0.00466057 0.00180238 0.00291994 0.00300773 0.00201857
5 0.931587 0.000784604 0.0408835 0.00170323 0.0196264 0.00103531 0.00437957
1 0.0439889 0.0030968 0.939567 0.0020703 0.00298505 0.00268063 0.00561113
4 0.00300221 0.000567488 0.000657787 0.0154279 0.972175 0.0011738 0.00699574
7 0.00349348 0.961981 0.00171834 0.0103147 0.00470486 0.0103124 0.00747549
1 0.0221433 0.00345958 0.936591 0.00618131 0.015276 0.00278844 0.0135604
2 0.0036455 0.015001 0.00266536 0.0384875 0.00868986 0.922994 0.00851677
6 0.00369852 0.0130486 0.00343958 0.937845 0.0192309 0.0155928 0.00714466
4 0.010612 0.000533412 0.00381176 0.00266517 0.97092 0.000519327 0.0109382
1 0.00988673 0.00061948 0.966813 0.00319082 0.0050054 0.00136356 0.0131205
2 0.00129424 0.0142839 0.000574856 0.0380454 0.00218998 0.943183 0.000428451
5 0.925854 0.00609418 0.0415835 0.00118365 0.0215775 0.00321305 0.000493989
4 0.0307282 0.00922896 0.00290592 0.00370656 0.947508 0.00438105 0.00154167
7 9.4543e-05 0.980973 8.71432e-05 0.00873048 0.00129544 0.00858845 0.000231271
1 0.0435065 0.000538629 0.949467 0.000757268 0.000924484 0.00162388 0.00318262
3 0.00105637 0.00289601 0.00134382 0.00933818 0.0102674 0.00147161 0.973627
2 0.00195954 0.0046248 0.00206828 0.0469641 0.00312998 0.929237 0.0120165
5 0.908532 0.00692291 0.0415714 0.00331948 0.0331751 0.0018506 0.00462871
6 0.00289012 0.00951424 0.00274395 0.940513 0.00314526 0.0353343 0.00585865
1 0.0323818 0.00563154 0.932321 0.00272498 0.0164413 0.00275298 0.00774659
4 0.018572 0.00623795 0.00341149 0.0060921 0.951392 0.00503322 0.00926154
7 0.000601276 0.992567 0.000654606 0.00173329 0.00097395 0.00302642 0.000443718
1 0.0277852 0.00491465 0.948118 0.0012549 0.0143879 0.00144401 0.00209571
2 0.00485043 0.00782313 0.00362018 0.00615719 0.00472062 0.968726 0.00410238
4 0.0282162 0.00747265 0.0122592 0.00251315 0.947971 0.000697124 0.00087115
6 0.00398245 0.0037593 0.00294465 0.932909 0.00768292 0.0353929 0.0133288
1 0.0307632 0.00164982 0.963532 0.000260285 0.00260259 0.000855164 0.000336788
7 0.0134663 0.968685 0.00778376 0.000540923 0.00268673 0.00335164 0.00348558
1 0.0436425 0.000440521 0.945504 0.000644327 0.00282775 0.00172881 0.00521228
5 0.987144 0.000547318 0.00957147 0.000549252 0.00167376 0.000278933 0.000235376
4 0.0181888 0.00680652 0.00161523 0.00608514 0.953742 0.00338539 0.0101764
3 0.00556014 0.000410585 0.000856277 0.00266212 0.0021535 0.00357178 0.984786
2 0.00314489 0.00902725 0.00275407 0.035211 0.00620496 0.934266 0.00939204
6 0.00348777 0.00232605 0.00348358 0.958034 0.015574 0.00255765 0.0145366
1 0.0434416 0.000356821 0.952529 0.000669791 0.00185468 0.000393375 0.000754478
7 0.00107613 0.970916 0.00131795 0.00451584 0.00715434 0.00916984 0.00585032
5 0.91298 0.00426328 0.0418544 0.00302815 0.0250636 0.00441636 0.0083937
2 0.0055225 0.0139817 0.00359971 0.0400191 0.00606856 0.924247 0.006561
4 0.0159199 0.00578357 0.00402238 0.014199 0.939564 0.00424784 0.0162637
1 0.0435461 0.000697632 0.946435 0.00101518 0.0059609 0.000720437 0.00162444
3 0.00723704 0.000656833 0.0025418 0.00217119 0.00665573 0.00106631 0.979671
7 0.000500331 0.97018 0.000457835 0.00872426 0.00362402 0.00916152 0.00735195
5 0.9199 0.00667771 0.0404636 0.0028695 0.0200246 0.00520527 0.00485917
1 0.0436198 0.00254012 0.945672 0.00169893 0.0030183 0.0024949 0.000955927
2 0.00223184 0.0105345 0.00158878 0.0234856 0.00422207 0.95372 0.00421682
6 0.00190586 0.000230011 0.000585971 0.990311 0.000969214 0.00510626 0.000891623
4 0.0233915 0.00597004 0.00735781 0.00138013 0.947091 0.00107418 0.0137351
1 0.0435095 0.00110248 0.95129 0.000976022 0.00157811 0.000712624 0.000831534
3 0.000673485 0.00371474 0.000888006 0.00905663 0.00493916 0.00502922 0.975699
5 0.991333 0.000363742 0.00527641 0.00126766 0.00127399 0.000299867 0.00018543
7 0.00721867 0.972996 0.00194682 0.00569785 0.00166296 0.00915028 0.0013271
4 0.0396843 0.00159429 0.00543108 0.00326015 0.931234 0.00273086 0.0160658
6 0.00203925 0.00145691 0.00344771 0.968416 0.00466557 0.00614978 0.0138249
1 0.0436436 0.00110659 0.944469 0.00218472 0.00484896 0.00183744 0.00190918
2 0.00302392 0.00470246 0.00071606 0.00668135 0.0017712 0.980365 0.00273985
3 0.00184508 0.00305112 0.00216818 0.0123691 0.00580765 0.00458314 0.970176
1 0.0215788 0.000304265 0.974404 0.000465114 0.00125565 0.000573711 0.001418
4 0.0456173 0.0035815 0.0105808 0.000501157 0.937934 0.000527917 0.00125711
5 0.914181 0.00299817 0.0382161 0.00101277 0.0384588 0.0012984 0.00383484
7 0.0017409 0.973414 0.00218959 0.0107982 0.00136344 0.00949477 0.000999544
2 0.00343311 0.0135684 0.00157326 0.0338243 0.00561808 0.939031 0.00295168
1 0.0431401 0.00926146 0.922481 0.00262682 0.00960703 0.00288606 0.00999734
6 0.00307889 0.00176081 0.00225226 0.970433 0.0089846 0.00326248 0.0102279
7 0.00405767 0.959734 0.00192281 0.015127 0.00502759 0.0104517 0.00367916
1 0.0234192 0.00352975 0.938542 0.00307164 0.0151907 0.00262748 0.0136193
4 0.0477496 0.00499558 0.0053719 0.00284853 0.932718 0.00165612 0.00466065
2 0.000502615 0.00667514 0.00026904 0.0511017 0.00408045 0.936308 0.00106298
3 0.00695325 0.000419503 0.00440515 0.00312126 0.00369671 0.00384007 0.977564
5 0.953082 0.000516308 0.0403688 0.00156055 0.00361752 0.000607746 0.000246774
7 0.00849238 0.961111 0.00674003 0.00341282 0.00921467 0.00618132 0.00484788
1 0.0435662 0.00048944 0.951932 0.00135005 0.00136398 0.000770009 0.000528231
2 0.00433939 0.0114608 0.00378652 0.0189617 0.0054517 0.946868 0.00913191
6 0.000498596 5.84264e-05 0.00101358 0.994544 0.00130694 0.0012102 0.00136848
3 0.00583502 0.00157018 0.00395514 0.00328821 0.00624494 0.00500934 0.974097
1 0.0284463 0.000409525 0.967756 0.000755451 0.00161613 0.00038456 0.000631648
5 0.909161 0.000240953 0.0599518 0.00135186 0.0277516 0.000598097 0.000944477
2 0.00336162 0.00635257 0.00208612 0.00533626 0.00178496 0.974407 0.00667099
4 0.0313787 0.00113328 0.0120036 0.00161849 0.948985 0.00135643 0.00352436
5 0.93599 0.000311877 0.0404856 0.00318203 0.0146641 0.000746983 0.00461939
1 0.0333128 0.00978636 0.947385 0.00253861 0.00168296 0.00420097 0.00109292
5 0.908745 0.0164601 0.0236978 0.00327936 0.0398534 0.00332444 0.00463962
7 0.00642135 0.952798 0.00379814 0.00709781 0.00684322 0.00950275 0.0135386
6 0.00382332 0.00516773 0.00289744 0.931469 0.00729337 0.0340979 0.0152514
1 0.0439914 0.00908768 0.933054 0.00203695 0.00536431 0.00258368 0.00388157
2 0.0016662 0.0164323 0.00205861 0.0435034 0.00401374 0.928558 0.00376825
7 0.00970544 0.966666 0.00287714 0.00307981 0.00482076 0.00968956 0.00316144
4 0.0468921 0.000800704 0.0101556 0.00327892 0.931953 0.000873324 0.00604653
1 0.0434676 0.000906883 0.95023 0.000604711 0.00312826 0.000491172 0.00117098
5 0.929014 0.00751374 0.0108436 0.00211847 0.0390369 0.00214269 0.00933097
7 0.00709941 0.966299 0.00368818 0.00125092 0.00835636 0.00335435 0.00995159
6 0.0014786 0.000261482 0.00100509 0.989758 0.00223332 0.00277816 0.00248583
2 0.00559105 0.00979371 0.00384623 0.0122314 0.00448083 0.955882 0.00817522
1 0.0435089 0.00116614 0.943628 0.000814512 0.00965797 0.000617116 0.000607595
5 0.935925 0.00513337 0.0408825 0.000996097 0.0141036 0.00198542 0.000973674
7 0.00973857 0.9672 0.00960738 0.00260435 0.00403334 0.00446933 0.00234705
6 0.00417725 0.00239352 0.00379342 0.958447 0.00957309 0.00794883 0.0136673
4 0.030191 0.00164659 0.0121694 0.00329047 0.945762 0.000437802 0.00650231
2 0.00654693 0.00876328 0.00296195 0.0213269 0.00586858 0.9448 0.00973244
1 0.0150285 0.00220697 0.969988 0.00117059 0.00626693 0.000863496 0.00447514
5 0.926493 0.00395574 0.0405086 0.0029196 0.0187196 0.00348543 0.00391849
3 0.00738958 0.00189061 0.00605929 0.00189915 0.00397065 0.000678434 0.978112
1 0.0224901 0.00155965 0.961233 0.00100638 0.00521889 0.000499545 0.00799226
7 0.00501318 0.97806 0.00352075 0.00249827 0.00121902 0.00861981 0.00106902
1 0.0162293 0.00315728 0.975211 0.000587421 0.00431497 0.000346596 0.000153857
6 0.0042356 0.00504706 0.00280744 0.938202 0.00762139 0.0352445 0.00684171
2 0.00344662 0.0142454 0.00296875 0.0431822 0.00309368 0.929696 0.00336702
3 0.00180067 0.00136613 0.00182534 0.00800907 0.00193344 0.00354289 0.981522
7 0.0046848 0.962594 0.00165194 0.0113944 0.0033442 0.0100154 0.00631488
1 0.0432134 0.00046716 0.947932 0.00095011 0.00322081 0.000274354 0.00394262
5 0.94154 0.00762627 0.00443612 0.001904 0.0387805 0.00265508 0.00305802
4 0.0442563 0.00149734 0.00899021 0.000521112 0.932785 0.00133881 0.0106109
1 0.0257327 0.00161146 0.94209 0.00377681 0.0146443 0.00257566 0.00956878
2 0.00319426 0.0115769 0.00237927 0.0297963 0.0064903 0.943255 0.00330775
7 0.00203589 0.969471 0.00308451 0.0074761 0.00614945 0.00913756 0.002645
4 0.000366817 0.0032115 0.00031005 0.014592 0.975049 0.00327003 0.00320095
1 0.0437599 0.0019644 0.942996 0.00126596 0.00772967 0.0010623 0.00122223
2 0.000679843 0.00915845 0.000812006 0.0476979 0.000651179 0.939607 0.00139314
6 0.00263342 0.00526672 0.00281628 0.941947 0.00529405 0.0354046 0.00663789
5 0.937099 0.00242222 0.0406152 0.00171037 0.0122481 0.00259037 0.0033143
4 0.0463953 0.00244312 0.00564215 0.000383012 0.943138 0.000283046 0.00171559
1 0.0435268 0.000253167 0.952923 0.000661378 0.00202666 0.000470354 0.000138656
7 0.00287433 0.982608 0.00246449 0.00214662 0.00689036 0.000903711 0.00211229
5 0.912018 0.0121458 0.0391103 0.00357055 0.0247076 0.0040991 0.00434823
2 0.000490588 0.00507021 0.000440445 0.0506574 0.000975795 0.937993 0.00437248
6 0.000982852 0.00149111 0.000662511 0.959039 0.0024557 0.0239704 0.0113981
1 0.0438594 0.00479317 0.937649 0.0025181 0.00335291 0.00306705 0.00476038
4 0.00428249 0.00209532 0.00168406 0.0160492 0.966978 0.0022812 0.00663009
7 0.01061 0.9633 0.00450156 0.00121799 0.00604495 0.00528246 0.00904348
1 0.0169678 0.000800729 0.969758 0.000284346 0.0115152 0.000286476 0.0003872
3 0.0059784 0.00308314 0.00461025 0.0110789 0.00461878 0.00423179 0.966399
1 0.0189208 0.00040043 0.979856 0.000223394 0.000291097 0.000245198 6.28027e-05
2 0.00578818 0.00841946 0.00453489 0.000803841 0.00267617 0.972108 0.00566919
4 0.0482894 0.0029087 0.00322185 0.00295233 0.938428 0.000551029 0.00364893
6 0.00478917 0.00247408 0.0033624 0.962934 0.00175781 0.0103635 0.0143194
7 0.00772092 0.959911 0.00523613 0.00221901 0.00375177 0.0106136 0.0105481
1 0.0441839 0.00365649 0.936998 0.00239969 0.00328924 0.00261069 0.0068618
5 0.945236 0.00187343 0.040342 0.000904455 0.0105687 0.000439676 0.000636013
4 0.0201865 0.00691107 0.00430644 0.00880448 0.942353 0.00253816 0.0148999
2 0.00229393 0.0136818 0.00189084 0.0310784 0.00891816 0.937435 0.00470216
3 0.00314959 0.00101884 0.00400116 0.00586877 0.00953778 0.000660056 0.975764
1 0.0440489 0.00638269 0.934607 0.000982007 0.0087789 0.000651221 0.00454889
7 0.00380789 0.967458 0.00309837 0.00296244 0.00352816 0.00965641 0.00948824
6 0.00143564 0.000596885 0.00153939 0.980853 0.00306419 0.00633326 0.00617766
5 0.956591 0.000663743 0.040431 0.000357064 0.00144165 0.000241411 0.000274608
2 0.0012346 0.0105384 0.000440043 0.0196981 0.00126088 0.961902 0.00492604
1 0.0437694 0.000330295 0.945417 0.0016258 0.00675571 0.000691389 0.00141085
4 0.0384393 0.0033517 0.0136302 0.00103355 0.936987 0.00172448 0.00483335
3 0.00361853 0.00260467 0.00193277 0.0028003 0.00956113 0.00386952 0.975613
1 0.0426248 0.00178396 0.942149 0.000768056 0.0120226 0.000411842 0.000239358
5 0.908991 0.00844667 0.0578982 0.0021449 0.0163533 0.00258424 0.00358154
7 0.00185626 0.961436 0.00208456 0.00948519 0.00713384 0.0101875 0.00781668
6 0.00274526 0.00372858 0.00182277 0.940913 0.0100768 0.0249522 0.0157611
4 0.0130891 0.00311492 0.00205295 0.00723698 0.954712 0.00855435 0.0112394
2 0.00472496 0.0113333 0.00255787 0.03419 0.00241305 0.936933 0.00784735
1 0.0434505 0.000453764 0.949687 0.000916788 0.00322206 0.00108548 0.00118466
3 0.000571034 0.000926779 0.000301378 0.0119789 0.000847357 0.00292839 0.982446
5 0.917688 0.00774363 0.0483059 0.00160156 0.0185895 0.00153101 0.00454069
1 0.0434731 0.000811677 0.951309 0.000880133 0.00198174 0.000920333 0.000623713
4 0.00819571 0.0024721 0.000731616 0.00317074 0.975281 0.00148038 0.00866832
6 0.00144826 0.00227525 0.000674063 0.946422 0.00307689 0.0320635 0.0140402
2 0.00140753 0.0103656 0.00170014 0.0494916 0.00522226 0.930118 0.00169497
7 0.0010571 0.968014 0.00193543 0.00880219 0.00768549 0.00886176 0.00364403
1 0.0124146 0.00153115 0.967392 0.000847496 0.00945821 0.000802218 0.00755473
3 0.00229769 0.00413819 0.00188048 0.00768615 0.0103966 0.00206649 0.971534
5 0.93677 0.00599301 0.0130464 0.00141241 0.0390931 0.00122857 0.00245645
7 0.00555598 0.974708 0.00276179 0.00222935 0.00721253 0.00251889 0.00501325
4 0.0310331 0.00332282 0.0220013 0.000718189 0.937368 0.00098184 0.00457472
2 0.000543793 0.00389942 0.00111123 0.0512811 0.00327161 0.937475 0.0024178
1 0.0292007 0.00191827 0.965663 0.000582866 0.00116679 0.000865854 0.000602896
7 0.000698901 0.973385 0.000207412 0.00752429 0.00705843 0.00863644 0.00248953
6 0.00371472 0.00272876 0.00300173 0.945315 0.013636 0.0152712 0.0163325
1 0.00495529 9.6431e-05 0.993526 0.000608411 0.000107171 0.000304408 0.0004021
2 0.0050099 0.00148158 0.00325908 0.00532718 0.00604502 0.971891 0.00698576
3 0.00341792 0.00573065 0.00536637 0.00316034 0.00291876 0.00428957 0.975116
4 0.0269323 0.00129709 0.00925848 0.000476289 0.959112 0.000311689 0.00261195
1 0.0126063 0.000120135 0.97088 0.00157752 0.0109748 0.000470752 0.00337094
5 0.930998 0.0028105 0.0406106 0.00289687 0.016609 0.00375883 0.0023167
2 0.000948417 0.00904522 0.000782465 0.0445165 0.00430848 0.933209 0.0071898
6 0.000421071 6.84537e-05 0.000480577 0.988035 0.00291793 0.00338409 0.00469296
3 0.00199232 0.00467504 0.00345401 0.00673412 0.00257259 0.00473299 0.975839
5 0.934597 0.000596954 0.0405226 0.00159909 0.0187996 0.00114663 0.00273861
7 0.00463987 0.960728 0.00374945 0.00488075 0.00394388 0.00978008 0.0122778
1 0.0435074 0.000266633 0.948861 0.0022155 0.00340415 0.00104883 0.00069701
2 0.00735802 0.010274 0.00397447 0.0109349 0.00759471 0.953297 0.00656653
4 0.0153902 0.000460448 0.0079015 0.000582809 0.964793 0.000368532 0.0105035
6 0.00403786 0.00294258 0.00282994 0.944559 0.00882237 0.020767 0.0160414
1 0.0364754 0.00555214 0.933363 0.00288607 0.0161213 0.00239327 0.00320863
5 0.919044 0.00536332 0.0214531 0.00311012 0.0396555 0.00276653 0.00860772
7 0.00220825 0.984692 0.00104555 0.00224982 0.00577846 0.00335316 0.000672502
6 0.000412834 0.000138623 0.000407197 0.987896 0.00105689 0.0064753 0.00361287
1 0.0329389 0.00700667 0.934311 0.0024154 0.0164642 0.00334006 0.00352343
2 0.00434818 0.0136411 0.00150271 0.0313377 0.00243839 0.939223 0.00750855
7 0.0021922 0.972059 0.00118706 0.004604 0.00379775 0.00827055 0.00788991
4 0.0290682 0.00744148 0.0114603 0.00222962 0.940312 0.00143607 0.00805268
1 0.0405524 0.00420468 0.933877 0.00109256 0.0143176 0.00127629 0.00467913
5 0.906585 0.00938088 0.0322079 0.00164471 0.0296637 0.00353833 0.0169799
7 0.00554215 0.968938 0.00238445 0.00441546 0.0021746 0.00959063 0.00695463
6 0.00369343 0.0011887 0.00255808 0.965856 0.00466102 0.00777842 0.0142648
2 0.00121025 0.00320145 0.000386479 0.00995059 0.00128794 0.981634 0.0023293
1 0.0436038 0.000702636 0.947776 0.00115532 0.0057298 0.000610459 0.00042215
5 0.955566 0.00144785 0.0404366 0.00055959 0.00170514 0.000217244 6.75186e-05
7 0.0138601 0.963533 0.0036764 0.00253496 0.00455295 0.00508692 0.0067559
6 0.00487983 0.0011936 0.00360667 0.960935 0.006589 0.00860213 0.0141942
1 0.00383281 0.000882155 0.987512 0.00105579 0.00203202 0.00037603 0.00430882
4 0.0447046 0.000192554 0.0113707 0.000890857 0.939696 0.000194633 0.00295023
2 0.00324538 0.00912396 0.00156471 0.0116314 0.00434276 0.963323 0.0067683
5 0.938855 0.000525439 0.0405735 0.00079071 0.0187831 0.000216924 0.000255091
3 0.0061023 0.000708856 0.00626384 0.00396133 0.00519596 0.00375488 0.974013
1 0.0133917 0.000221342 0.982019 0.000554846 0.00250852 0.000359778 0.000944314
7 0.00266264 0.971479 0.00174434 0.00114224 0.00753375 0.00837914 0.00705853
1 0.0265231 0.00396914 0.942474 0.00271151 0.0143237 0.00263605 0.00736222
6 0.00535822 0.00795449 0.00410973 0.931841 0.00888059 0.0359058 0.00595061
7 0.00620407 0.970879 0.00141046 0.00805418 0.00491748 0.00783663 0.000698096
1 0.0155384 0.00561268 0.948317 0.00432879 0.0126153 0.00351803 0.0100703
2 0.00127275 0.00819126 0.000837819 0.0138862 0.0049391 0.968823 0.00204954
4 0.000394044 8.28554e-05 0.000334715 0.00366595 0.983328 0.000178206 0.0120157
1 0.00713668 0.00219687 0.968329 0.00341833 0.0108676 0.00160043 0.0064509
3 0.00112098 0.00306052 0.0031557 0.00501511 0.00970691 0.00130468 0.976636
5 0.90041 0.0137902 0.0387157 0.00298872 0.0335661 0.00331542 0.00721339
2 0.000432868 0.0029842 0.000488305 0.036029 0.000329224 0.959063 0.000673252
4 0.0050853 0.00562543 0.00399453 0.00771207 0.967243 0.00173681 0.00860242
7 0.000503455 0.985875 0.000596764 0.00849399 0.00114623 0.0031588 0.000225898
1 0.0435732 0.000875173 0.9477 0.000421476 0.00459174 0.000637702 0.00220049
5 0.93316 0.00266369 0.0407531 0.00169907 0.0150019 0.00256003 0.00416225
2 0.00114911 0.00659197 0.00244327 0.0509833 0.00404374 0.932449 0.00233915
6 0.00144597 0.00196324 0.00182053 0.952959 0.00140164 0.03484 0.00556967
4 0.0164505 0.0062202 0.00397731 0.00413602 0.957873 0.00420571 0.00713714
1 0.0435088 0.0012114 0.946816 0.000874319 0.00570822 0.000628874 0.00125246
7 0.00151306 0.992258 0.00375784 0.000402252 0.000754358 0.00113793 0.000176572
2 0.000305677 0.0054236 0.000549148 0.0512933 0.00390852 0.937445 0.00107476
6 0.00038082 0.000623082 0.000277207 0.957167 0.00146891 0.0352844 0.00479859
1 0.0435122 0.001829 0.946106 0.00127651 0.00399527 0.00194455 0.00133664
5 0.919991 0.0159801 0.0400527 0.00230968 0.0158239 0.00337323 0.00246974
4 0.00852674 0.00425313 0.00444531 0.000296157 0.982061 0.000172188 0.000245761
7 0.00658885 0.972437 0.0033124 0.000710828 0.00788606 0.00348225 0.00558264
1 0.00576723 0.000563941 0.99196 0.000384284 0.000287392 0.000857661 0.000179341
1 0.0437173 0.00275771 0.940709 0.00128983 0.00859885 0.000996481 0.0019305
4 0.0319507 0.00409799 0.0115597 0.00029461 0.951037 0.000264396 0.000795681
2 0.0048065 0.0081854 0.00362313 0.00934449 0.00292857 0.966304 0.00480803
3 0.00314405 0.00278977 0.00276624 0.00218579 0.00948444 0.000979442 0.97865
6 0.00451154 0.00520275 0.00382308 0.930859 0.0201286 0.0281273 0.00734794
1 0.0420393 0.000922632 0.941845 0.000630939 0.0127316 0.000594707 0.00123595
7 0.00457101 0.958102 0.00330707 0.00802241 0.00898832 0.00897702 0.0080318
5 0.934209 0.00114353 0.0241941 0.000585544 0.0391213 0.00038803 0.000358226
2 0.00345149 0.00525588 0.00224362 0.021984 0.00692246 0.9508 0.00934235
4 0.0365041 0.00149898 0.00793343 0.000565354 0.935343 0.000444194 0.0177105
1 0.0437726 0.00232777 0.9417 0.00136388 0.00769994 0.00180141 0.00133437
3 0.00193388 0.00283486 0.000754698 0.0114449 0.00431584 0.00444479 0.974271
5 0.902374 0.00596847 0.0286237 0.00292381 0.0349833 0.00540576 0.0197206
7 0.00607881 0.968241 0.00154145 0.00413385 0.00488164 0.00903077 0.00609266
2 0.00173487 0.0123148 0.000554886 0.0312028 0.00252668 0.949242 0.00242398
1 0.0427839 0.012079 0.924776 0.00234919 0.0105403 0.00287473 0.00459673
4 0.0299651 0.00501267 0.00449678 0.000559585 0.953631 0.0022863 0.0040484
6 0.00363625 0.00485967 0.00303536 0.933792 0.00717482 0.0298059 0.0176964
3 0.00450204 0.00314574 0.00290662 0.0010136 0.00987079 0.00187861 0.976683
1 0.0437882 0.000940211 0.942906 0.00212221 0.00699482 0.00225146 0.000996942
5 0.930519 0.00728741 0.0409307 0.00242926 0.015439 0.00218257 0.00121158
2 0.000191786 0.0071485 0.000282639 0.00342478 0.000851871 0.986433 0.00166727
7 0.000411173 0.973593 0.000248009 0.00709683 0.00368913 0.00871416 0.00624779
6 0.00156169 0.00054061 0.00138802 0.96195 0.00701372 0.012796 0.0147504
4 0.0482766 0.000760454 0.00175439 0.00207712 0.94383 0.00160722 0.0016942
1 0.0422337 0.00109646 0.937493 0.00251397 0.0128248 0.00269825 0.0011395
3 0.00213756 0.00301328 0.00250397 0.0092948 0.00990359 0.00405471 0.969092
1 0.0435642 0.00434838 0.940778 0.00141641 0.00489572 0.00282523 0.0021719
5 0.922992 0.00917432 0.0406541 0.00185061 0.0187184 0.00197731 0.00463299
4 0.0453156 0.00428562 0.0102781 0.00328142 0.92518 0.00587259 0.00578666
2 0.000668024 0.0135181 0.000877258 0.0458119 0.00465083 0.933456 0.00101766
7 0.000530702 0.968655 0.000494658 0.00827867 0.00848164 0.00804779 0.00551193
6 0.00120461 0.00369973 0.00103493 0.94964 0.00343715 0.035145 0.00583832
1 0.0242239 0.00355019 0.943619 0.00229673 0.0114408 0.00269034 0.0121789
3 0.000845619 0.00102088 0.00781341 0.00610191 0.00787349 0.000888191 0.975457
7 0.000534351 0.986468 0.000702812 0.00409187 0.00205519 0.00540616 0.000741903
4 0.000912694 0.00148683 0.00175318 0.00890955 0.973724 0.00118703 0.0120266
2 0.000965403 0.00542169 0.00204917 0.0511726 0.00287823 0.935498 0.002015
1 0.00652672 0.000814057 0.978708 0.000901711 0.0107271 0.00086983 0.0014527
5 0.90455 0.00761466 0.0297184 0.00302469 0.0409694 0.00463613 0.00948716
7 0.00986551 0.96633 0.00791456 0.000280972 0.00833304 0.00134121 0.00593512
6 0.00374762 0.000810199 0.00293975 0.949462 0.00752358 0.0200009 0.0155155
1 0.0436423 0.000796459 0.946443 0.00247203 0.0026574 0.00272676 0.0012624
2 0.00336137 0.00726058 0.002309 0.00682619 0.00548575 0.967245 0.00751178
3 0.00243122 0.00299906 0.00340555 0.00626956 0.00377421 0.00266436 0.978456
5 0.9714 0.00119986 0.019307 0.00216749 0.00361299 0.000784855 0.00152797
1 0.0431693 0.000209331 0.942738 0.00143374 0.0107668 0.000558835 0.00112365
4 0.0244326 0.000620131 0.00755561 0.000813296 0.959551 0.000315471 0.00671234
2 0.00106236 0.00620557 0.00163899 0.028078 0.00462259 0.946611 0.0117814
6 0.00375033 0.0013932 0.00318073 0.950104 0.0085501 0.0183952 0.0146265
3 0.00164724 0.000971445 0.00107176 0.00612105 0.000702213 0.00383751 0.985649
5 0.781786 0.000316754 0.190992 0.00171948 0.0189763 0.000755988 0.0054528
2 0.00756615 0.00669296 0.00302202 0.0288276 0.00642649 0.935249 0.0122155
1 0.0232721 0.000139325 0.970257 0.00173373 0.0031942 0.000940608 0.000463227
6 0.00183289 0.000436564 0.00070332 0.959072 0.00547263 0.0238464 0.00863638
1 0.0436837 0.000451326 0.943987 0.00129765 0.00898607 0.00089307 0.000700981
1 0.00868314 8.91259e-05 0.982468 0.000526484 0.00759353 0.00019582 0.000443588
