labels 5 7 1 6 4 2 3
5 0.891652 0.0127471 0.0420186 0.00357481 0.038375 0.00379899 0.00783329
7 0.00789044 0.971069 0.00128946 0.00483606 0.00340616 0.00952938 0.00197949
1 0.0393071 0.00369692 0.940543 0.0020552 0.00859352 0.0005616 0.00524219
5 0.897982 0.00711705 0.0371342 0.00231837 0.0410008 0.00789121 0.0065562
7 0.00141648 0.991711 0.000893461 0.000887167 0.000482461 0.0039049 0.00070482
6 0.00300355 0.00308446 0.00240286 0.905291 0.0042266 0.0804387 0.00155299
1 0.0486653 0.0033646 0.912156 0.00221691 0.0223377 0.00213387 0.00912531
1 0.00822025 0.00211618 0.978209 0.000716824 0.00430505 0.000936007 0.00549656
4 0.0353414 0.00254685 0.00807039 0.000371376 0.952217 0.00108523 0.000368196
5 0.927028 0.0125073 0.0152338 0.000873459 0.0362288 0.00182656 0.00630244
2 0.00397844 0.0120182 0.00241545 0.0237724 0.00804997 0.946262 0.00350338
7 0.0040648 0.991488 0.000851718 0.000747447 0.0009316 0.00171326 0.000202853
6 0.00230482 0.0025456 0.00121584 0.547213 0.00367291 0.442445 0.000603207
1 0.00834926 0.00819599 0.974422 0.00214016 0.0022153 0.00349798 0.0011794
4 0.0331231 0.00147296 0.00710748 0.00255604 0.944828 0.00287765 0.00803482
5 0.89816 0.0160133 0.0324925 0.00328107 0.0407308 0.00359182 0.00573021
7 0.00559771 0.962699 0.00257623 0.00609663 0.00440876 0.00993741 0.00868471
6 0.00265229 0.006929 0.00238323 0.893667 0.0041816 0.0790479 0.0111387
1 0.0336757 0.00534247 0.930655 0.00278957 0.0206118 0.00216087 0.00476459
1 0.0095063 0.00121799 0.987384 0.000373951 0.00105469 0.000264987 0.000198132
5 0.921946 0.00522657 0.0206061 0.0032 0.0375539 0.0030049 0.00846237
5 0.903545 0.00540304 0.0291281 0.00295156 0.0390921 0.0074912 0.012389
2 0.000341446 0.0158894 0.00039074 0.0604245 0.00182287 0.918585 0.00254621
7 0.00129024 0.98077 0.000837733 0.00252643 0.00439943 0.00964303 0.000533249
1 0.0256669 0.000965326 0.969004 0.000696916 0.00315412 0.000447421 6.55801e-05
5 0.914635 0.00468945 0.0292588 0.00343896 0.0381337 0.00301008 0.0068336
2 0.0013202 0.00479792 0.000928144 0.0488709 0.00177973 0.924469 0.0178342
7 0.00290399 0.981429 0.00287546 0.00104687 0.00100302 0.00915172 0.00159005
6 0.00369217 0.0034296 0.00242686 0.888893 0.0063763 0.0734994 0.0216827
1 0.136309 0.0122638 0.833679 0.00211118 0.00681706 0.00244924 0.0063713
1 0.0551125 0.0135402 0.914973 0.00141304 0.0105774 0.00212289 0.0022606
4 0.0286599 0.00461967 0.0128651 0.00110294 0.946659 0.00176947 0.00432385
2 0.00160053 0.0206401 0.00208989 0.0487762 0.0047312 0.914991 0.00717116
7 0.00410935 0.968927 0.00117264 0.00772676 0.00342272 0.010638 0.00400351
6 0.000488396 0.000115048 0.000352687 0.983743 0.00131413 0.00920438 0.0047825
1 0.0389172 0.0066941 0.923656 0.00203683 0.0224656 0.00271633 0.00351348
7 0.00979494 0.96739 0.00461142 0.00373768 0.00449069 0.0080386 0.00193662
6 0.00320372 0.00296659 0.0023116 0.894447 0.00363366 0.0789022 0.0145352
1 0.00747473 0.00199692 0.987774 0.000691149 0.000693889 0.000563265 0.000806128
2 0.00490263 0.0134516 0.00221997 0.0304752 0.00370842 0.935146 0.0100961
7 0.00781049 0.971828 0.00365185 0.00195859 0.002663 0.0104558 0.00163173
6 0.00370361 0.00342051 0.00200142 0.900712 0.00175332 0.0800737 0.00833496
1 0.0558626 0.00464226 0.915559 0.00225867 0.0156425 0.00198312 0.00405188
4 0.0348279 0.000354529 0.0117296 0.00178733 0.945723 0.0013261 0.00425135
3 0.00655819 0.00268645 0.00124566 0.00456352 0.00382991 0.00796447 0.973152
7 0.00212314 0.975588 0.0016879 0.00296618 0.00235831 0.0098685 0.00540829
7 0.0084067 0.967531 0.00252657 0.00182426 0.00657978 0.00889193 0.0042394
1 0.0200003 0.00568855 0.957037 0.00158481 0.0114017 0.00224526 0.00204267
1 0.0154552 0.000296002 0.981184 0.000465727 0.00194617 0.000250635 0.00040263
4 0.0250043 0.00592204 0.0115936 0.0010967 0.949531 0.00249404 0.00435853
5 0.924138 0.00437331 0.0185487 0.00703815 0.0226259 0.00268703 0.0205889
2 0.00550089 0.00917529 0.00290378 0.00804752 0.00490248 0.963396 0.00607433
7 0.0102465 0.969726 0.00312858 0.000910499 0.00343614 0.0104921 0.0020601
1 0.0520951 0.00366267 0.918854 0.000801844 0.0204113 0.000769189 0.00340572
1 0.0288617 0.000344774 0.956316 0.00226568 0.0109194 0.000336678 0.000955731
4 0.024739 0.000338261 0.0128261 0.000119809 0.9612 0.000258642 0.000518522
4 0.034457 0.000909343 0.00854617 0.00121059 0.953369 0.000635256 0.000872113
5 0.912785 0.00763467 0.0268636 0.00172453 0.03837 0.0025839 0.0100381
2 0.00549711 0.00907185 0.00455046 0.00515013 0.00341065 0.966137 0.00618292
7 0.0111645 0.967363 0.00243123 0.000260439 0.00480086 0.00836305 0.00561688
6 0.00514363 0.00229207 0.00284323 0.932784 0.00666021 0.0314679 0.0188092
1 0.056088 0.000504895 0.939375 0.000761514 0.000907281 0.000558907 0.0018047
5 0.903806 0.0122838 0.0429631 0.000864541 0.0194588 0.0033789 0.0172446
2 0.00409116 0.00274389 0.0023974 0.00899134 0.00213154 0.977756 0.00188857
7 0.00689701 0.977437 0.00311688 0.000421777 0.00585248 0.00188613 0.00438906
6 0.00136097 0.000158371 0.000735631 0.984277 0.00177351 0.00839357 0.0033008
1 0.0551503 0.000967412 0.924583 0.00145606 0.0170745 0.000381368 0.000387109
5 0.908634 0.0085177 0.0512177 0.000639565 0.0276071 0.00160666 0.00177782
2 0.00624825 0.0119327 0.00413798 0.0150311 0.00570716 0.943065 0.0138775
7 0.00398008 0.97397 0.00210672 0.00344759 0.00131251 0.0102408 0.00494253
6 0.00260177 0.000484052 0.00262729 0.961445 0.00233501 0.0148607 0.015646
1 0.0557762 0.000993012 0.926629 0.000367475 0.0157997 0.000192901 0.000241348
5 0.982173 0.0059756 0.0032249 0.001557 0.00242876 0.00352321 0.0011171
2 0.00170785 0.00557836 0.000771108 0.0202407 0.0015207 0.966099 0.00408203
7 0.0104549 0.967094 0.0023891 0.000850998 0.00319974 0.00996302 0.00604783
6 0.000797853 0.000104118 0.000496217 0.979569 0.000829163 0.0141249 0.0040785
6 0.00337931 0.000306043 0.00174534 0.963879 0.00708264 0.0166277 0.00698018
1 0.0561975 0.000344635 0.939763 0.000648226 0.00280282 0.000173836 6.99579e-05
4 0.0201538 0.000602792 0.0104699 0.000618563 0.964315 0.000377879 0.00346193
5 0.919736 0.0194929 0.0260249 0.00148385 0.0234493 0.00476081 0.00505185
5 0.920639 0.00273809 0.0575671 0.000944928 0.0161915 0.00140606 0.000513513
2 0.00682967 0.00692164 0.00493328 0.0183869 0.00544163 0.943316 0.0141705
7 0.0106324 0.972871 0.00737734 0.000683237 0.0040443 0.000740162 0.00365107
1 0.0564466 0.00270233 0.921908 0.00176488 0.0109782 0.000918235 0.00528217
5 0.938152 0.00152351 0.0577422 0.000461473 0.00194739 0.000130199 4.30135e-05
2 0.00510461 0.00349787 0.00363967 0.0124948 0.00146984 0.962043 0.0117501
7 0.0119893 0.971812 0.00570716 0.000488754 0.00355486 0.00517743 0.00127039
6 0.00344151 0.000430735 0.00263911 0.977515 0.00313135 0.00649458 0.00634746
1 0.0561192 0.000323573 0.940329 0.000846693 0.000989631 0.00021593 0.00117607
5 0.908058 0.00528583 0.0542366 0.00199715 0.00664076 0.00570677 0.0180748
2 0.00220384 0.00370686 0.00218941 0.00949442 0.000739883 0.974001 0.0076642
7 0.00900329 0.973249 0.00999196 0.00114623 0.00243599 0.00230389 0.00186999
6 0.00474316 0.00146314 0.00349695 0.955601 0.00844125 0.0156009 0.0106534
1 0.0564068 0.00356002 0.922683 0.00166667 0.00775396 0.00176029 0.0061696
4 0.0243186 0.000866051 0.0123734 0.00194578 0.957348 0.000389385 0.00275925
5 0.990937 0.000278281 0.00728445 0.000233842 0.000988959 0.000209378 6.82008e-05
2 0.0073437 0.00961588 0.00366913 0.0267925 0.00557108 0.932197 0.0148112
7 0.0117317 0.971437 0.00420286 0.000822402 0.00337657 0.00454787 0.00388121
6 0.00565566 0.000779798 0.00301173 0.962847 0.00603899 0.0124559 0.00921063
1 0.0460636 0.00151021 0.935001 0.000918424 0.0108036 0.000442297 0.00526082
1 0.00578949 0.000617144 0.987991 0.000685859 0.00170761 0.000232202 0.00297674
4 0.0352569 0.000115575 0.00889331 0.000811828 0.952741 0.000207447 0.0019737
5 0.961952 0.00226979 0.033823 0.000345454 0.000910304 0.000179001 0.000520733
2 0.0043252 0.0109767 0.00195822 0.0139183 0.00420108 0.955343 0.00927704
7 0.00884594 0.981569 0.00174543 0.000415065 0.0037953 0.00314841 0.000480392
6 0.00403303 0.000572198 0.00159075 0.954887 0.0035292 0.0243254 0.0110626
1 0.0559845 0.00331428 0.931746 0.00108689 0.00450324 0.00187021 0.00149477
3 0.0112161 0.00178009 0.00956259 0.000514337 0.0016576 0.00198103 0.973288
5 0.916805 0.00158932 0.0573761 0.00185957 0.0175975 0.00317095 0.00160113
7 0.00129375 0.975539 0.00134873 0.0059488 0.00292856 0.00980969 0.00313124
1 0.00217909 0.00215133 0.992286 0.00070155 0.000524873 0.000177363 0.00198015
3 0.0122094 0.000315146 0.00789304 0.00256711 0.00258236 0.00754442 0.966889
3 0.0150049 0.00195048 0.0105651 0.000626383 0.00216205 0.0016071 0.968084
2 0.0013528 0.00768486 0.00309486 0.0047493 0.00496278 0.97719 0.000965126
1 0.0450863 0.00426954 0.917242 0.0023448 0.0140813 0.00242166 0.0145546
5 0.923081 0.000453912 0.0576431 0.000570214 0.0178366 0.000221512 0.000193717
2 0.00084522 0.00418464 0.000658107 0.0094108 0.00270307 0.98127 0.000928162
7 0.00449018 0.97723 0.00340115 0.00176624 0.00592488 0.0051375 0.00205045
1 0.016638 0.00144915 0.966379 0.00129403 0.00690251 0.000591371 0.00674583
3 0.0150119 0.000240098 0.00950261 0.00177066 0.00449968 0.00410839 0.964867
2 0.00227362 0.011017 0.00379173 0.0340818 0.00613524 0.940326 0.00237441
7 0.00406852 0.977909 0.00442529 0.00201131 0.000793098 0.00990735 0.000884937
6 0.00635443 0.00368269 0.00242808 0.944096 0.00653076 0.0341559 0.00275257
1 0.0256649 0.000194675 0.967589 0.00043432 0.00515839 0.000204004 0.000755055
1 0.0561831 0.000385694 0.941056 0.000383806 0.00151959 7.61497e-05 0.00039526
3 0.0169906 0.001325 0.0049791 0.000948959 0.0014146 0.00917008 0.965172
7 0.000630506 0.980206 0.00275522 0.00123783 0.0034678 0.00977698 0.00192587
6 0.00469453 0.00296724 0.00225406 0.894596 0.00767966 0.0796833 0.00812518
1 0.0516894 0.000283606 0.94479 0.000809713 0.00220907 0.000110279 0.000108314
1 0.0526958 0.0104123 0.906677 0.00204084 0.0137628 0.00698711 0.00742412
3 0.0129284 0.000126888 0.0101475 0.000705741 0.00230227 0.000203406 0.973586
7 0.00145725 0.988412 0.00740028 0.000218528 0.00060322 0.00138744 0.000521144
1 0.0226079 0.000992402 0.974051 0.000257633 0.00194315 0.000124549 2.3433e-05
7 0.00371699 0.983882 0.00436535 0.00107553 0.00171953 0.00353059 0.00171024
6 0.00458581 0.00331742 0.00239737 0.89764 0.00587504 0.0800281 0.00615587
1 0.0336612 0.00450444 0.928145 0.0024366 0.020642 0.00235147 0.00825933
1 0.0560735 0.0015504 0.938438 0.000683967 0.00148785 0.000890952 0.000875455
3 0.015424 0.00156349 0.010503 0.000687768 0.00352589 0.00334923 0.964947
5 0.930521 0.000159462 0.0575792 0.00067076 0.0103268 0.00011072 0.000632238
5 0.914855 0.000973014 0.0574506 0.00151927 0.017798 0.00125561 0.0061484
2 0.00292718 0.0166128 0.00338051 0.0566072 0.00336439 0.910493 0.00661542
7 0.00294777 0.976709 0.0078472 0.001373 0.00266162 0.00578732 0.00267389
6 0.00530183 0.00463494 0.00330096 0.890358 0.00780521 0.0787068 0.00989225
1 0.0525635 0.002457 0.929624 0.00115666 0.00573086 0.00184078 0.00662705
3 0.00272912 0.000621099 0.00144919 0.00319038 0.000984493 0.00474427 0.986281
7 0.00268037 0.97177 0.00130945 0.00838013 0.00175995 0.0104093 0.00369119
1 0.020125 0.00322414 0.961066 0.000767085 0.002895 0.00212414 0.00979857
4 0.0347823 0.00580643 0.00866352 0.000869532 0.944171 0.00471347 0.000993373
7 0.0038201 0.980008 0.00124799 0.00210237 0.00273951 0.00968785 0.000394329
1 0.0390241 0.000140697 0.955706 0.000627519 0.00335981 0.000136267 0.00100602
4 0.00559086 0.00463695 0.00222996 0.00448609 0.974287 0.00232492 0.00644389
4 0.00113917 0.00393133 0.000318387 0.0085144 0.97803 0.00708115 0.000986006
2 0.00246415 0.00426076 0.00196363 0.0665616 0.00464047 0.917481 0.00262892
7 0.000337749 0.986271 0.000271272 0.0064785 0.000921238 0.00557972 0.00014013
1 0.0558636 0.00156302 0.928324 0.00119329 0.00847056 0.00105813 0.0035272
3 0.00676796 0.00510501 0.00258079 0.000962386 0.00332158 0.00335531 0.977907
5 0.9179 0.00472749 0.0576437 0.000960434 0.0156409 0.0025964 0.000531402
2 0.000800438 0.00268168 0.000589258 0.0602571 0.000556329 0.933645 0.00146989
7 0.000613504 0.984102 0.000492997 0.00182719 0.00348098 0.00879659 0.000686558
6 0.00231649 0.00345358 0.00237757 0.901922 0.00361559 0.0802336 0.00608146
1 0.0563347 0.000176036 0.929866 0.00135777 0.00101554 0.00143503 0.00981528
4 0.0348322 0.00694837 0.00312314 0.00129783 0.947513 0.00550402 0.00078151
5 0.909256 0.0189001 0.0253953 0.00366778 0.0260934 0.00840528 0.00828201
7 7.7043e-05 0.982615 5.32177e-05 0.00676961 0.000712085 0.00966904 0.000104133
1 0.0558201 0.000668654 0.934895 0.00111007 0.00266709 0.00170794 0.00313126
4 0.0204571 0.00817624 0.00827446 0.00404411 0.945841 0.00602509 0.00718194
5 0.919436 0.00221194 0.0577008 0.00130734 0.0137073 0.00162473 0.00401159
5 0.911897 0.00150625 0.057654 0.000945887 0.0248104 0.00117119 0.00201543
2 0.000914814 0.00681912 0.00213955 0.0664367 0.00391896 0.915453 0.00431828
7 0.00430257 0.969216 0.00294199 0.00910154 0.00473112 0.00654223 0.00316486
6 0.00119345 0.00105857 0.00131385 0.906766 0.000570319 0.0779188 0.0111789
1 0.0259557 0.00613519 0.924925 0.00357302 0.0191414 0.00324317 0.0170262
4 0.0356579 0.00118475 0.00424307 0.000254092 0.957195 0.00062338 0.000841482
2 0.000859476 0.0102081 0.000761239 0.0654373 0.00117311 0.919441 0.00211933
6 0.00240461 0.01014 0.00216219 0.891365 0.00829094 0.076911 0.00872644
1 0.0529451 0.000272838 0.94361 0.000687744 0.00203924 0.000318603 0.000126815
4 0.00794789 0.00480783 0.00440218 0.00311181 0.969271 0.00586204 0.004597
3 0.00288205 0.00240356 0.00127874 0.00804135 0.00567803 0.0032685 0.976448
5 0.8934 0.00585324 0.0575822 0.00305765 0.0313002 0.00309258 0.00571408
2 0.00231156 0.00459944 0.00210134 0.0633233 0.00337771 0.909129 0.0151573
7 0.00274727 0.986211 0.00235671 0.00124279 0.00517754 0.0015285 0.000735795
1 0.0559188 0.000540658 0.934428 0.000628527 0.00740713 0.00034402 0.000733263
4 0.0238611 0.00876751 0.00759111 0.00440597 0.948746 0.00400771 0.00262074
5 0.899231 0.00572295 0.0461457 0.00313627 0.0410193 0.000951652 0.00379264
7 0.000540147 0.996793 0.00153887 0.000165871 0.00043351 0.000471657 5.73472e-05
6 0.0027805 0.0104246 0.00228568 0.896518 0.00314279 0.0786787 0.00616973
1 0.0559103 0.00455061 0.929355 0.000588035 0.00745012 0.00100255 0.0011429
5 0.907103 0.00651576 0.0574924 0.00267619 0.0183615 0.00280421 0.00504717
2 0.000589821 0.0112524 0.0023114 0.064906 0.00388984 0.912121 0.00492908
7 0.0015866 0.976835 0.00138809 0.0045469 0.00506154 0.00973713 0.000844315
6 0.000759317 0.000614476 0.000905571 0.904788 0.00194577 0.0765668 0.0144199
1 0.0355454 0.00537041 0.922567 0.00241918 0.0218625 0.00232191 0.00991406
1 0.0490831 0.00325352 0.912721 0.003033 0.0073596 0.00312529 0.0214242
4 0.0145345 0.00528623 0.00314465 0.00461845 0.958988 0.00708785 0.00634028
5 0.891887 0.0140178 0.0500282 0.004149 0.0297921 0.00453782 0.00558809
2 0.000802715 0.00770672 0.000617185 0.0660997 0.00149686 0.916978 0.00629909
7 0.000272288 0.99544 0.000265611 0.000716265 0.000989701 0.00210253 0.000213501
6 0.000847903 0.000702415 0.000747246 0.930545 0.00259044 0.049894 0.0146725
1 0.0560589 0.00421583 0.925773 0.00213308 0.00343909 0.00310386 0.00527584
4 0.0012124 0.00157416 0.000169452 0.0119407 0.976534 0.00402655 0.0045431
4 0.0015176 0.0020533 0.000233907 0.0123496 0.97406 0.00512631 0.00465927
2 0.000315964 0.00552097 0.00040504 0.0666262 0.0042884 0.919959 0.00288426
7 0.000229296 0.99529 0.000105936 0.00148642 0.000596577 0.00206789 0.000223888
6 0.000412194 0.000438537 0.000313047 0.909859 0.00134366 0.0787219 0.00891171
1 0.0555957 0.00156445 0.935629 0.00101625 0.00446828 0.00107675 0.000649502
5 0.908856 0.0190019 0.0530255 0.00124871 0.0129158 0.00356337 0.0013883
2 0.00206651 0.00807883 0.00105718 0.00636642 0.00486543 0.972759 0.00480686
7 0.0104336 0.962617 0.00345286 0.00258316 0.00507012 0.00889303 0.00694986
1 0.0563452 0.0014861 0.921357 0.0011738 0.0120504 0.00161663 0.00597096
4 0.00235948 0.00361108 0.00299032 0.000465241 0.989941 0.000472922 0.000160141
3 0.00497619 0.00335385 0.00262913 0.0059472 0.0017939 0.00810301 0.973197
7 0.00540651 0.977565 0.00307558 0.000499425 0.00607214 0.00421945 0.00316223
1 0.029562 0.00473302 0.941635 0.00155066 0.0184244 0.00239579 0.0016994
1 0.0559782 0.00524173 0.931027 0.00173186 0.00337024 0.00127866 0.00137276
1 0.020328 0.000541345 0.960868 0.000418053 0.0172696 0.000181173 0.000393297
4 0.0067392 0.0042637 0.00397364 0.00428534 0.968782 0.00417532 0.00778118
2 0.00537593 0.0101682 0.00429094 0.0124381 0.00664721 0.953422 0.00765755
7 0.0036892 0.973152 0.00310198 0.000982267 0.00472144 0.0102772 0.00407625
6 0.0037879 0.00292595 0.00274806 0.905238 0.00571249 0.055238 0.0243497
1 0.0156673 0.000403785 0.981844 0.000240453 0.00126948 0.000461866 0.000112917
4 0.0242512 0.00622728 0.0116988 0.00267616 0.953572 0.00122071 0.0003538
2 0.00749587 0.0106701 0.00627656 0.00853335 0.00474251 0.953662 0.00861912
1 0.046319 0.019356 0.909384 0.00206477 0.0137024 0.00559412 0.00357961
6 0.00459553 0.00200288 0.00235507 0.888827 0.0066152 0.0740522 0.021552
1 0.0183113 0.000655084 0.978146 0.00024873 0.00195085 0.000580621 0.000107367
4 0.00192812 0.00155888 0.000529937 0.00195505 0.993253 0.000240889 0.000533861
3 0.00887485 0.00199141 0.0062481 0.00942699 0.00464605 0.00582147 0.962991
5 0.919964 0.0144199 0.0554743 0.00110541 0.00397888 0.00260447 0.00245333
7 0.0117463 0.970761 0.00888197 0.000455666 0.0024727 0.00331104 0.00237088
1 0.0414518 0.00430247 0.941572 0.000931604 0.00973453 0.00126282 0.000744336
1 0.0313803 0.000246605 0.967251 0.000196548 0.000747635 0.000118084 6.00973e-05
1 0.056217 0.00178987 0.924547 0.00140824 0.0136187 0.000636295 0.00178326
2 0.00487844 0.00908404 0.00478925 0.00170513 0.00252397 0.968223 0.00879632
6 0.00497978 0.00152349 0.00259479 0.950373 0.00390309 0.0253674 0.0112585
4 0.0368016 0.00288973 0.00429067 0.00268902 0.949883 0.00101464 0.0024311
6 0.00600218 0.00170474 0.00295867 0.950424 0.00187684 0.0213614 0.0156725
1 0.0560622 0.00454482 0.917696 0.000844386 0.0148581 0.00194887 0.00404589
4 0.0315715 0.00291294 0.0126862 0.0001396 0.952076 0.000240151 0.000373359
2 0.00667459 0.0112555 0.00496559 0.017036 0.00497965 0.946656 0.00843242
1 0.0560079 0.000311047 0.933548 0.000681283 0.00253371 0.00139264 0.00552498
4 0.0227824 0.00118567 0.0114555 0.000424228 0.961994 0.000498429 0.00166026
3 0.00777827 0.00307639 0.00318165 0.00138754 0.0054923 0.00249803 0.976586
3 0.0132424 0.00345807 0.00320476 0.00451245 0.00682859 0.00242069 0.966333
5 0.983594 0.000535568 0.0138678 0.000378516 0.00130133 0.000145 0.000178085
2 0.00084648 0.00410227 0.000623305 0.0380596 0.009304 0.934954 0.0121099
7 0.00359154 0.976729 0.00421586 0.000591344 0.0064099 0.00472876 0.00373368
1 0.0564333 0.000696793 0.921931 0.00203267 0.0116645 0.0022892 0.00495219
4 0.008822 0.00421397 0.000999574 0.00459974 0.971466 0.00469891 0.00519972
3 0.0155651 0.000485703 0.000786698 0.00204695 0.0018974 0.00834243 0.970876
5 0.903076 0.00299612 0.0566691 0.00239818 0.0161272 0.00655422 0.0121793
2 0.00264009 0.0155074 0.00278588 0.0488876 0.00566127 0.911345 0.013173
7 0.00391584 0.971219 0.00559547 0.000981847 0.00157447 0.01061 0.0061038
6 0.00417254 0.00395134 0.00168567 0.892327 0.0200649 0.0667531 0.0110453
1 0.05617 0.00278751 0.926168 0.00155747 0.0039928 0.00226311 0.00706069
4 0.00436391 0.000702507 0.000833569 0.000186308 0.993321 0.000343366 0.000249168
5 0.93191 0.00127875 0.0575641 0.000608935 0.00795524 0.000360847 0.000321753
2 0.00576928 0.0141969 0.00259802 0.0245231 0.0133191 0.929278 0.0103161
6 0.00104019 0.000210694 0.000490635 0.976261 0.000842271 0.0202251 0.000930464
1 0.0563403 0.00104089 0.927525 0.000445238 0.0130816 0.000384155 0.0011832
4 0.0243093 0.00671913 0.00339357 0.00791035 0.940053 0.00475612 0.0128585
3 0.000367712 8.74389e-05 0.000243752 0.00667682 0.00118238 0.000868707 0.990573
2 0.0021143 0.0147928 0.00172389 0.0554826 0.00928778 0.911504 0.00509497
7 0.00396884 0.96616 0.00283673 0.005228 0.00661781 0.00978303 0.00540556
6 0.00325421 0.000501315 0.00211504 0.972422 0.00922343 0.00310949 0.0093748
1 0.0416012 0.0169488 0.9135 0.00108089 0.0146454 0.00276999 0.00945354
1 0.0561032 0.000255932 0.93647 0.000611959 0.00507127 0.000171784 0.00131552
5 0.905757 0.00108591 0.0540725 0.000664513 0.0375235 0.000537846 0.0003583
2 0.00273983 0.00799008 0.00135647 0.0539695 0.0081326 0.908838 0.0169735
7 0.000646206 0.979406 0.000297653 0.00447481 0.00399303 0.00997716 0.00120546
6 0.00404616 0.00936515 0.0024746 0.879224 0.0152926 0.0702487 0.0193486
1 0.055467 0.0012416 0.918486 0.000799197 0.0165986 0.00177824 0.00562962
4 0.034473 0.00117 0.0113147 0.00027961 0.945445 0.000683484 0.00663438
3 0.00937546 0.000909777 0.00403646 0.00527026 0.00529131 0.000980072 0.974137
5 0.943182 0.000915139 0.0391215 0.00144835 0.0130264 0.00121035 0.00109585
2 0.00678409 0.00942587 0.0032506 0.0100249 0.00672971 0.959594 0.00419034
7 0.000637265 0.979117 0.000753414 0.00352024 0.00451298 0.00989609 0.00156286
1 0.0564838 0.00449769 0.924308 0.0005173 0.0124115 0.000372069 0.00140988
5 0.894747 0.0048999 0.0579197 0.0026932 0.0249322 0.00548489 0.00932328
2 0.00621627 0.0168818 0.00444251 0.0451251 0.00886749 0.910151 0.00831566
7 0.00440954 0.974633 0.00270701 0.00157264 0.00445593 0.00507144 0.00715062
1 0.0564075 0.00191442 0.927965 0.000840324 0.0107559 0.00105254 0.00106453
4 0.0243722 0.00407395 0.0056387 0.0039444 0.945767 0.00323581 0.012968
3 0.00278723 0.00206499 0.000712245 0.00875688 0.00262835 0.00636165 0.976689
5 0.939548 9.72557e-05 0.0577733 0.000566226 0.0014323 0.000179873 0.000403525
2 0.00174702 0.0176401 0.00149811 0.0534301 0.00109312 0.921212 0.00338
7 0.00114036 0.976002 0.00200176 0.00351273 0.00137144 0.0101784 0.0057928
6 0.00088848 0.00025434 0.000841532 0.980323 0.0018847 0.0126792 0.00312909
1 0.0563149 0.00116463 0.921673 0.00218895 0.00969317 0.00265417 0.00631151
4 0.0151897 0.00416198 0.00237324 0.012707 0.946193 0.00687472 0.0125004
3 0.0115108 0.00693095 0.00236792 0.00182225 0.00394805 0.00552411 0.967896
5 0.939614 0.000475437 0.0578449 0.000286364 0.00144623 0.000131101 0.000202462
5 0.88513 0.00776923 0.047625 0.00287242 0.0243789 0.00816602 0.0240584
2 0.00092637 0.0101403 0.000438151 0.0153287 0.00115915 0.966807 0.00520049
7 0.0024407 0.976581 0.0010929 0.0031211 0.00349093 0.00989638 0.00337675
1 0.0560706 0.000545625 0.935619 0.000638434 0.00628876 0.000380589 0.000456819
3 0.0194207 0.00036658 0.00278218 0.00110227 0.00388184 0.00257018 0.969876
5 0.909636 0.00397497 0.0413971 0.000991661 0.0413258 0.00183035 0.00084373
2 0.00129566 0.0107644 0.000641886 0.0256191 0.00155339 0.958654 0.00147165
7 0.00100323 0.983645 0.000864761 0.00236357 0.00118284 0.00958129 0.00135956
1 0.0531096 0.000766318 0.938482 0.0010054 0.00492304 0.000713356 0.00100039
1 0.0562376 0.000288028 0.9307 0.00147619 0.00952176 0.000684816 0.00109189
4 0.00767163 0.00262067 0.00110893 0.00448049 0.969752 0.00500409 0.00936265
4 0.0277028 0.00262578 0.0134361 0.000483058 0.950615 0.00329154 0.00184578
3 0.00178317 0.000322219 0.000334484 0.00717577 0.00265507 0.00663261 0.981097
7 0.000582711 0.974804 0.000244262 0.00514986 0.00344072 0.0102702 0.00550812
1 0.0551925 0.0131152 0.911953 0.00202094 0.0104155 0.00295845 0.00434434
1 0.0559597 0.00454311 0.914029 0.00199099 0.0157142 0.00288314 0.00487944
4 0.0253917 0.00515457 0.00709881 0.000473766 0.952717 0.00578102 0.00338307
3 0.00993348 0.00285735 0.00223788 0.0016349 0.00675359 0.00795423 0.968629
5 0.913471 0.00657966 0.0565417 0.00223651 0.0101589 0.00564806 0.00536382
2 0.000532787 0.00775256 0.000355733 0.00448766 0.00259183 0.98322 0.00105951
7 0.00681474 0.968986 0.00146051 0.00293262 0.00705934 0.00886732 0.00387967
6 0.00440573 0.00369103 0.00278192 0.906063 0.00623925 0.0530075 0.023812
1 0.056037 0.00284272 0.933977 0.0013603 0.001868 0.00233776 0.00157678
1 0.0337052 0.000506532 0.962213 0.000489783 0.00209818 0.000463478 0.000524111
4 0.00333427 0.000232695 0.000641482 0.000149203 0.995146 0.000221603 0.000274859
3 0.0110376 0.00340102 0.00298118 0.00100536 0.00606088 0.00248965 0.973024
2 0.0015207 0.00874217 0.0010124 0.0127996 0.00161169 0.972176 0.00213777
6 0.00482301 0.0150458 0.00235802 0.884518 0.0141783 0.0738062 0.00527058
6 0.00231451 0.0002175 0.000735604 0.976789 0.000903703 0.0180367 0.00100277
1 0.0549322 0.00130279 0.927987 0.00057138 0.0146197 0.000384653 0.000202206
1 0.173113 0.000435164 0.814085 0.0014173 0.00908518 0.00123145 0.000633318
4 0.0107797 0.00346272 0.00375598 0.000807505 0.972415 0.00117759 0.00760103
4 0.0361898 0.00100701 0.00638856 0.00234032 0.944805 0.00247091 0.00679818
5 0.926246 0.00323816 0.0572913 0.000768299 0.0106493 0.00139174 0.000414887
5 0.90639 0.00751166 0.0621796 0.00147219 0.0158561 0.00259355 0.00399715
2 0.00187243 0.0136853 0.00361294 0.0360782 0.00443064 0.935065 0.00525586
7 0.00286929 0.969234 0.001628 0.00633511 0.00494816 0.010561 0.00442443
6 0.00278064 0.00329468 0.00253607 0.891479 0.0176688 0.0595784 0.0226623
6 0.00277517 0.0018551 0.00189147 0.933141 0.00891527 0.0319664 0.019456
1 0.0558767 0.000342797 0.93952 0.000456089 0.0034161 0.000191681 0.000196236
1 0.056076 0.000590393 0.939946 0.000433012 0.00215377 0.000429531 0.000371427
4 0.00978593 0.00267657 0.0010518 0.00751146 0.956318 0.0130479 0.00960873
3 0.00340312 0.00297217 0.000794363 0.00625385 0.00078998 0.00746335 0.978323
5 0.915464 0.00587309 0.057379 0.00260289 0.0139125 0.00315304 0.00161537
2 0.00339048 0.00964995 0.00225696 0.0392461 0.00136103 0.929398 0.0146971
2 9.29853e-05 0.00779621 0.000123726 0.00546017 0.000440856 0.984793 0.00129327
7 0.000208391 0.978754 0.000143673 0.00600423 0.00165227 0.00972223 0.00351562
6 0.000948528 0.000381154 0.000745251 0.933579 0.00524447 0.0388995 0.0202024
1 0.0560704 0.00114729 0.924955 0.000577505 0.0147243 0.00166965 0.000856217
4 0.0369968 0.000233312 0.00195024 0.00174156 0.953848 0.00392411 0.0013058
3 0.00068897 0.0028849 0.000598315 0.00623483 0.00248394 0.00771798 0.979391
5 0.900878 0.0119463 0.0580582 0.002453 0.0183662 0.00364458 0.00465397
5 0.991199 0.000152103 0.00616485 0.00123996 0.000765405 0.000302289 0.0001765
7 0.00416319 0.971622 0.00139435 0.0060685 0.00282417 0.0101894 0.00373854
1 0.056113 0.00037363 0.933894 0.000931513 0.00661054 0.000566026 0.00151084
4 0.03638 6.36746e-05 0.00912419 0.000728227 0.949567 0.00030195 0.00383519
5 0.921556 0.000269461 0.0578374 0.000864438 0.0188767 0.000238771 0.000357757
7 0.00203626 0.982961 0.00128375 0.00305591 0.000489907 0.00967841 0.000494768
6 0.00189396 0.000235213 0.000809926 0.967333 0.00398231 0.0168921 0.00885335
1 0.0540623 0.000595836 0.921484 0.00210035 0.0188329 0.00202155 0.00090347
1 0.0298396 0.0154577 0.929306 0.00165811 0.0197306 0.00298151 0.00102595
4 0.0220783 0.00146675 0.00441267 0.00258812 0.953033 0.00457749 0.0118437
3 0.00856439 0.00385939 0.00441595 0.00296438 0.00559245 0.00913606 0.965467
2 0.0004759 0.00326262 0.000325706 0.0150611 0.00023131 0.978766 0.00187694
6 0.001816 0.0008077 0.00295101 0.950345 0.00459862 0.0235263 0.0159556
1 0.0559144 0.000520165 0.936797 0.000959173 0.00413846 0.000701495 0.000969076
4 0.0212867 0.00276944 0.00196337 0.000852004 0.965088 0.00688903 0.00115135
3 0.000661885 0.0004327 0.000355211 0.00880944 0.000457932 0.00575397 0.983529
5 0.902091 0.007721 0.0661765 0.00114363 0.0173477 0.00107425 0.00444567
2 0.00208494 0.00275967 0.000762611 0.00437985 0.00123078 0.987235 0.00154729
6 0.00517521 0.0011358 0.00217612 0.929938 0.0049331 0.0364488 0.0201928
1 0.056267 0.00237803 0.924432 0.00145886 0.00319507 0.00334864 0.00892037
1 0.0493553 0.000488069 0.947148 0.000588474 0.00169961 0.000395501 0.000325278
4 0.00508787 0.00145267 0.000825051 0.00237912 0.981035 0.00466326 0.00455745
3 0.00396427 0.00245244 0.00232807 0.00643579 0.00603281 0.00591853 0.972868
2 0.00505691 0.00786984 0.00260059 0.00223893 0.00500121 0.975768 0.00146498
7 0.00411045 0.980449 0.000438294 0.00234888 0.00225788 0.00970973 0.000685897
6 0.0012568 0.00222872 0.000614354 0.901488 0.00377109 0.076822 0.0138189
1 0.0561266 0.00387359 0.935474 0.000705913 0.00140104 0.00158612 0.000832372
3 0.00324754 0.00314537 0.00317597 0.00626698 0.00539692 0.00698422 0.971783
5 0.868173 0.0100047 0.0975484 0.00113571 0.0174025 0.000979595 0.00475597
2 0.00127592 0.0056328 0.000507914 0.0665042 0.00550675 0.918469 0.00210346
7 0.000653329 0.971223 0.000761088 0.00886139 0.00491286 0.0105904 0.00299795
1 0.00202695 0.00139734 0.991085 0.000912982 0.00179308 0.000617511 0.00216703
4 0.0351089 0.00526948 0.00899141 0.00226796 0.935632 0.00826451 0.00446614
3 0.00491871 0.00310158 0.00201297 0.00989845 0.00407075 0.00704974 0.968948
2 0.00098578 0.0111387 0.000993441 0.0648676 0.00512625 0.915195 0.00169362
7 0.000535885 0.971231 0.000353603 0.00724907 0.00609527 0.0099114 0.00462328
6 0.00117195 0.0021582 0.000927639 0.903947 0.00302828 0.0822061 0.00656109
1 0.00630786 0.000150516 0.991953 0.000333704 0.000387254 0.000207545 0.000659749
1 0.0372975 0.00453725 0.926176 0.00131771 0.0219061 0.00231126 0.00645408
4 0.0353611 0.00678038 0.00402207 0.00358639 0.942249 0.00311383 0.00488763
4 0.0365165 0.00304615 0.00784351 0.000293104 0.951086 0.000706416 0.000508631
5 0.877233 0.00446407 0.0309345 0.00324979 0.0542117 0.00485179 0.0250551
7 0.000486455 0.975441 0.000241133 0.00765926 0.00555909 0.0100748 0.000538296
1 0.0146843 0.0026821 0.962934 0.00120475 0.0105871 0.000811814 0.00709536
1 0.0323938 0.00294607 0.939093 0.00208662 0.0113728 0.00246665 0.00964138
3 0.00558698 0.00294935 0.00627786 0.00548982 0.00604573 0.00221138 0.971439
5 0.901503 0.00212879 0.0501566 0.000807254 0.0400227 0.00103359 0.00434846
2 0.00126639 0.0093091 0.00190984 0.0658807 0.00339256 0.916519 0.00172288
7 0.0010683 0.977016 0.00136279 0.00800423 0.00118252 0.0101363 0.00123
1 0.0175088 0.000404116 0.967325 0.000596494 0.0112756 0.000266268 0.00262349
4 0.0299645 0.00561968 0.00796283 0.000765866 0.949835 0.00197922 0.00387334
3 0.00476374 0.00294265 0.00173077 0.00693801 0.00621768 0.00363182 0.973775
5 0.912558 0.00150028 0.0571783 0.000381108 0.0222412 0.000682955 0.00545844
5 0.931977 0.00513103 0.0191358 0.00145785 0.038036 0.00188699 0.00237508
2 0.00189665 0.0180212 0.000549788 0.0539455 0.00584007 0.916464 0.00328256
7 0.000363897 0.985764 0.000631226 0.00557513 0.00424628 0.00209758 0.00132221
3 0.00168956 0.0006784 0.00439634 0.00502395 0.00517731 0.00125579 0.981779
2 0.000364433 0.00426687 0.000372607 0.0667484 0.00422097 0.923347 0.00068014
7 0.0044777 0.976516 0.00294036 0.00402353 0.00570034 0.00299501 0.00334719
1 0.0557668 0.00612189 0.911254 0.00234573 0.0131818 0.00242718 0.00890315
4 0.0219673 0.00255706 0.0153628 0.000652821 0.955085 0.00111525 0.00325952
2 0.0010714 0.0017896 0.000617118 0.066571 0.00452802 0.921808 0.0036149
7 0.000319234 0.99303 0.000284688 0.00312525 0.00097029 0.00185478 0.000415606
6 0.00513343 0.00527524 0.00289853 0.887664 0.0158576 0.0597921 0.023379
1 0.0365265 0.00616153 0.943808 0.00120649 0.010617 0.000822299 0.000858022
1 0.055908 0.00174468 0.935928 0.000768542 0.00295701 0.000946987 0.00174709
4 0.000787858 0.00090637 0.000436243 0.00749309 0.980012 0.00153767 0.00882686
2 0.0016782 0.00497087 0.00181883 0.0665375 0.00472864 0.916903 0.0033627
7 0.000828085 0.986252 0.000656949 0.00621447 0.00256389 0.00293465 0.000550088
6 0.00219246 0.000548346 0.00285294 0.973858 0.00446543 0.00739157 0.0086909
1 0.0186438 0.000917733 0.95748 0.000908464 0.0179647 0.000503371 0.00358203
1 0.0025246 0.00477535 0.982702 0.000992101 0.00229447 0.00151764 0.00519417
4 0.0350231 0.00702463 0.00565733 0.00183601 0.94441 0.00155645 0.00449257
5 0.874239 0.00871996 0.0484362 0.00303313 0.0507761 0.00498165 0.00981444
2 0.000725208 0.00851338 0.000593052 0.0646806 0.00406285 0.919583 0.00184156
7 0.00384752 0.965418 0.00122534 0.0123189 0.00455062 0.0104832 0.00215654
6 0.00331648 0.00477728 0.00175235 0.892468 0.00534169 0.0787192 0.0136247
1 0.0369469 0.00310263 0.92103 0.0025906 0.0225044 0.00220226 0.011623
4 0.0365952 0.00395173 0.00786423 0.00254007 0.942616 0.00302883 0.00340394
2 0.000645382 0.00932349 0.000216987 0.0657685 0.0050802 0.916097 0.00286859
7 0.000241919 0.978454 7.93031e-05 0.00850595 0.00115431 0.0102469 0.00131766
7 0.000651481 0.975137 0.000132015 0.00782449 0.00456635 0.0102147 0.00147354
1 0.0563112 0.00134857 0.923127 0.000919038 0.0095604 0.00141659 0.00731681
3 0.0148129 0.003051 0.00581989 0.000351963 0.00612425 0.00249558 0.967344
5 0.921315 0.000262145 0.0576903 0.000663822 0.0183097 0.000475402 0.00128328
2 0.00275002 0.00789067 0.00436071 0.00141311 0.00539362 0.973669 0.0045231
7 0.00729067 0.972429 0.00942796 0.000271617 0.00609699 0.00128036 0.00320311
6 0.00403935 0.00110222 0.00216376 0.912488 0.0101729 0.0476386 0.0223953
1 0.00624872 0.000159417 0.99115 0.000771214 0.000191361 0.0001988 0.00128043
3 0.0188291 0.000234777 0.00643239 0.00112716 0.00231513 0.00514727 0.965914
3 0.015836 0.00194802 0.00572918 0.00144801 0.00257985 0.00967546 0.962784
2 0.00530166 0.00172866 0.00351997 0.00843467 0.00694974 0.963016 0.0110488
7 0.00578677 0.971259 0.004655 0.000505736 0.00217153 0.0105269 0.00509471
6 0.00391583 0.000633908 0.00270933 0.916463 0.00509589 0.0485009 0.0226809
1 0.0561217 0.000543281 0.93457 0.00214341 0.0034381 0.00202498 0.00115854
4 0.0156028 0.000117205 0.00965642 0.000142505 0.973935 0.000161823 0.000384032
3 0.00959789 0.00727214 0.00662858 0.00241929 0.00192948 0.00781816 0.964334
5 0.936945 0.0002616 0.0576507 0.00121024 0.00316641 0.0005994 0.000166935
2 0.00239746 0.0047002 0.00162842 0.00623184 0.00539192 0.97324 0.00641027
2 0.000922287 0.00370575 0.000653636 0.0574627 0.000816511 0.934257 0.0021826
7 0.0066835 0.964993 0.00778545 0.00182423 0.0067563 0.00911376 0.00284355
6 0.00288023 0.00056558 0.00252938 0.9286 0.00712475 0.0401594 0.0181409
1 0.0563187 8.38976e-05 0.933183 0.000704402 0.00927121 0.000158885 0.000280143
1 0.0560945 0.000318868 0.93949 0.00143066 0.00161108 0.000692671 0.00036234
4 0.0227844 0.000528055 0.0119603 0.000183789 0.962864 0.000341001 0.00133799
3 0.00175107 0.000806177 0.00145093 0.00358489 0.00169797 0.00215982 0.988549
5 0.912388 0.000259709 0.0580556 0.00193571 0.0207589 0.000664692 0.00593714
2 0.00372534 0.0112043 0.00431518 0.0237268 0.00510037 0.936792 0.0151355
6 0.000443878 2.30116e-05 0.000784921 0.992662 0.000739026 0.00382489 0.00152194
1 0.0559365 9.18743e-05 0.930654 0.000479966 0.0113148 6.26564e-05 0.00145973
1 0.0404717 0.000264631 0.93001 0.00137422 0.0224298 0.000517599 0.00493247
3 0.00284365 0.0029894 0.00133091 0.00227905 0.00193965 0.00740866 0.981209
5 0.912388 0.00139897 0.0576099 0.00274633 0.0186057 0.0050237 0.00222768
5 0.968536 0.000608851 0.0245167 0.00166071 0.00347284 0.000576369 0.000628875
2 0.00478804 0.00656578 0.00420625 0.0230624 0.0185843 0.927558 0.0152352
2 0.000511675 0.00567049 0.000519421 0.0646652 0.00142757 0.920575 0.00663052
7 0.00134991 0.975025 0.00262106 0.00376321 0.0039345 0.0101001 0.0032059
6 0.000417737 0.00015046 0.000355591 0.942238 0.00327143 0.0436245 0.00994183
1 0.0565317 9.32088e-05 0.928906 0.000788138 0.0133089 0.00013252 0.000239759
4 0.0188481 0.000281617 0.00935392 0.000438488 0.966957 0.000344141 0.00377636
3 0.014924 0.00113571 0.00539436 0.00238581 0.00536095 0.00906573 0.961733
5 0.955562 0.000257926 0.00735198 0.00341811 0.0239251 0.00233306 0.00715225
2 0.000889749 0.0052961 0.0010672 0.036063 0.00270962 0.93854 0.015434
2 0.00259862 0.00990634 0.00233043 0.0167002 0.00652481 0.948476 0.0134631
6 0.00033238 4.75883e-05 0.000429296 0.978507 0.00243928 0.0117389 0.00650535
1 0.0466725 0.00425226 0.912983 0.00183902 0.0225076 0.00337979 0.0083662
1 0.0351843 0.000235367 0.960514 0.00069416 0.00260319 0.000283263 0.000485386
4 0.0201824 0.000265914 0.0188255 0.000615152 0.958154 0.000448926 0.00150792
3 0.00730109 0.00602145 0.00524743 0.00106178 0.00292825 0.00773797 0.969702
5 0.91428 0.000145544 0.058668 0.00106218 0.0249144 0.000331048 0.000598987
2 0.00401848 0.00438152 0.00284169 0.00992946 0.00219719 0.965516 0.0111158
1 0.0561943 0.000124547 0.938254 0.000600836 0.00459286 0.000112466 0.000120579
4 0.0213902 0.00117025 0.0114659 0.00099814 0.957463 0.00314517 0.00436694
3 0.00190373 0.00324329 0.00427792 0.00404939 0.00108018 0.00779064 0.977655
5 0.929534 0.000395916 0.057439 0.00148975 0.00822793 0.000415953 0.00249769
5 0.915113 0.00068139 0.0575047 0.00152307 0.0180571 0.00108404 0.0060362
2 0.00108031 0.00658376 0.00182767 0.011312 0.00458194 0.962891 0.0117233
7 0.00414782 0.968808 0.00328491 0.00358505 0.00249968 0.0101547 0.00751989
6 0.00382448 0.000635021 0.00267407 0.95457 0.00486365 0.0181589 0.0152737
1 0.0558653 0.000141318 0.932005 0.00179268 0.00829887 0.000946283 0.000950439
4 0.0285756 0.000187736 0.0136075 0.000229674 0.956481 0.000515083 0.000403106
3 0.00371982 0.000676598 0.00121498 0.00444481 0.000389082 0.00757628 0.981978
5 0.666279 0.000126557 0.309586 0.00105731 0.0167418 0.0004027 0.00580668
2 0.00614494 0.0110266 0.00520811 0.007713 0.0105024 0.950814 0.00859135
2 0.00810817 0.00666808 0.00272555 0.0350842 0.00689966 0.923007 0.017507
1 0.0531188 0.000115234 0.935726 0.00143336 0.00872116 0.000411199 0.000474512
4 0.0125104 0.000202753 0.00982731 0.000247622 0.971869 0.000458475 0.00488471
3 0.00885215 0.00386394 0.00679605 0.000894349 0.00593604 0.00537218 0.968285
5 0.923609 0.000170399 0.0574799 0.00207817 0.0141252 0.000471006 0.00206657
2 0.00173082 0.00360848 0.00141439 0.0314962 0.000697578 0.945406 0.0156469
6 0.00432919 0.00235243 0.00264268 0.912022 0.00651864 0.0495278 0.0226076
6 0.00155421 0.000385636 0.00059379 0.907425 0.00390249 0.071027 0.0151121
1 0.0323422 0.000223604 0.95679 0.0011884 0.00825084 0.00061063 0.000594187
1 0.0127823 7.71075e-05 0.972505 0.00070884 0.0129963 0.000227894 0.000702676
