labels 5 7 1 6 4 2 3
5 0.912154 0.00957368 0.0267606 0.00299633 0.0391022 0.00341331 0.00599943
7 0.00707732 0.970886 0.00167891 0.00367693 0.00420082 0.0100122 0.00246825
1 0.0355094 0.00367764 0.951499 0.000938346 0.00385808 0.000517345 0.00399998
5 0.915632 0.00519225 0.0190923 0.00222209 0.0463176 0.00615185 0.00539188
7 0.00194415 0.983332 0.00125007 0.00102975 0.00116358 0.0103434 0.000936901
6 0.00273293 0.00644124 0.00294873 0.919761 0.00334275 0.0631097 0.00166379
1 0.0316849 0.00428687 0.939616 0.00223177 0.0138105 0.00233445 0.00603553
1 0.0038347 0.00209496 0.984706 0.00073348 0.00328556 0.00106554 0.00428
4 0.0443168 0.00214714 0.00598876 0.000251398 0.945996 0.00105383 0.000246132
5 0.924993 0.0106531 0.0118898 0.000683473 0.0429877 0.00273316 0.00605979
2 0.00403086 0.0117153 0.00264841 0.0199189 0.00628919 0.952662 0.00273547
7 0.00437229 0.990418 0.000841923 0.000436532 0.00130374 0.00242213 0.000204954
6 0.00311166 0.00569178 0.00267238 0.920505 0.00317571 0.0631352 0.00170819
1 0.0188202 0.0118091 0.958243 0.00226156 0.00369562 0.00391202 0.00125837
4 0.0411711 0.00146457 0.00695633 0.00194351 0.937917 0.00280952 0.00773845
5 0.915589 0.0135583 0.016089 0.00283633 0.0439657 0.00311457 0.00484708
7 0.0046884 0.960452 0.00338583 0.00566298 0.00612656 0.0104471 0.00923759
6 0.0019769 0.00911926 0.00294086 0.908978 0.00392463 0.0624199 0.0106407
1 0.0184072 0.00534527 0.958851 0.00235371 0.0122493 0.0013986 0.00139538
1 0.00418881 0.00224434 0.991653 0.000506354 0.000938856 0.00033455 0.000134047
5 0.927126 0.00342968 0.00997761 0.00267088 0.0454406 0.00293997 0.00841482
5 0.912968 0.00414864 0.0166683 0.00266532 0.0392169 0.00857101 0.0157614
2 0.000270408 0.0121158 0.000357927 0.0546722 0.000747734 0.930159 0.00167705
7 0.00107111 0.98018 0.000669761 0.0032046 0.00498762 0.0093152 0.000571688
1 0.0153544 0.00189324 0.978645 0.000456273 0.00317078 0.000445799 3.4419e-05
5 0.924456 0.00312851 0.0149168 0.00298155 0.0453857 0.00266631 0.00646549
2 0.00124634 0.00490357 0.00086378 0.0448631 0.00157017 0.929668 0.0168852
7 0.00241831 0.978637 0.0036365 0.00137792 0.00138353 0.0100156 0.00253143
6 0.00323512 0.00529128 0.00279247 0.906785 0.00458678 0.0605474 0.0167621
1 0.0360054 0.00991404 0.94054 0.00215261 0.00472915 0.00249585 0.0041633
1 0.0352847 0.013859 0.938789 0.00200798 0.00639902 0.00227266 0.00138809
4 0.0317862 0.00409726 0.0119168 0.000714274 0.947486 0.00152541 0.00247433
2 0.00135987 0.0171475 0.002109 0.047303 0.00355616 0.922705 0.00581998
7 0.00361568 0.967278 0.00130606 0.00636698 0.00547582 0.0114603 0.00449728
6 0.000427237 8.1491e-05 0.000369235 0.987743 0.000624816 0.00623864 0.00451543
1 0.0265604 0.00766224 0.944542 0.00206188 0.0142865 0.00271721 0.0021701
7 0.00920226 0.965019 0.00465718 0.00467719 0.0055031 0.00953188 0.00140944
6 0.00279636 0.00505376 0.00309341 0.910195 0.0024536 0.0614205 0.0149873
1 0.0158073 0.00284937 0.978306 0.000667157 0.00128673 0.00065248 0.000431228
2 0.00449885 0.0152954 0.00203513 0.0309192 0.00314264 0.933897 0.0102116
7 0.00670668 0.970489 0.00315892 0.00211515 0.00436538 0.0112149 0.00195044
6 0.00332562 0.00474927 0.00130638 0.918077 0.0013905 0.0629741 0.00817743
1 0.0355141 0.00559764 0.944151 0.00225033 0.00862103 0.00206327 0.00180218
4 0.0425355 0.000546599 0.0103374 0.00108803 0.940091 0.00172368 0.00367803
3 0.00469624 0.00221392 0.0012688 0.00535188 0.00379749 0.00513393 0.977538
7 0.00205625 0.975377 0.00144002 0.00257927 0.00270769 0.0106826 0.00515739
7 0.0081188 0.963619 0.00207162 0.00288838 0.00874772 0.0102205 0.0043338
1 0.0286644 0.00700584 0.949286 0.00126669 0.0103967 0.0023271 0.00105294
1 0.0214246 0.000447713 0.974909 0.00049499 0.00219924 0.000316624 0.000208036
4 0.0378242 0.00791966 0.0107523 0.00157163 0.935127 0.00226979 0.00453529
5 0.918714 0.0027786 0.0100887 0.00518513 0.0404197 0.00224699 0.0205673
2 0.00533148 0.0101119 0.00259098 0.00703381 0.00309733 0.966319 0.00551591
7 0.00910905 0.969162 0.00205935 0.00154838 0.00389668 0.0109781 0.00324686
1 0.0336782 0.0051716 0.942701 0.000991365 0.0119631 0.00191545 0.00357941
1 0.029036 0.000646156 0.960457 0.00138436 0.00717183 0.000448652 0.000856366
4 0.0316462 0.00076948 0.0122517 0.000176241 0.953673 0.000523771 0.00095939
4 0.0443585 0.000377318 0.00582139 0.00104869 0.946317 0.00130763 0.000769369
5 0.945324 0.00436337 0.00897736 0.00150995 0.0294259 0.00273809 0.00766149
2 0.00559992 0.0109316 0.00404372 0.00745788 0.00348925 0.961944 0.00653379
7 0.0101862 0.965895 0.0017496 0.000481603 0.00760755 0.00856392 0.0055162
6 0.00470862 0.00294134 0.00312657 0.937926 0.00632818 0.0274908 0.0174789
1 0.0352745 0.00141861 0.956667 0.00112414 0.00178143 0.00134484 0.00238944
5 0.924262 0.00852585 0.0204765 0.000748528 0.0299921 0.0029443 0.013051
2 0.00590664 0.00473579 0.00285864 0.0132669 0.00307937 0.967209 0.00294379
7 0.00642991 0.975763 0.0026367 0.000805209 0.00836487 0.00211333 0.00388718
6 0.0021109 0.000586515 0.000951718 0.980919 0.0020504 0.0107647 0.00261662
1 0.0333641 0.00120326 0.951768 0.00102228 0.0120439 0.000349273 0.00024923
5 0.937681 0.00691745 0.0309309 0.000840473 0.0206251 0.00162472 0.00138013
2 0.00580846 0.0131954 0.00401377 0.0141745 0.0033978 0.948473 0.0109366
7 0.00407909 0.971556 0.00292383 0.00391671 0.00226088 0.0112457 0.00401743
6 0.00244365 0.000483771 0.00227726 0.970625 0.00112073 0.00922205 0.0138278
1 0.034757 0.00182184 0.951672 0.00061869 0.0104466 0.000364354 0.000319254
5 0.988001 0.00405014 0.00136488 0.0015298 0.00113443 0.00308262 0.000837443
2 0.00214894 0.00784359 0.000638976 0.0302196 0.000444011 0.953567 0.00513746
7 0.00947317 0.96654 0.00201177 0.00245357 0.00291506 0.0109125 0.0056935
6 0.000988689 8.05078e-05 0.000380459 0.982786 0.000363533 0.0115934 0.00380743
6 0.0034216 0.000250576 0.00165009 0.974818 0.00194199 0.00867316 0.0092441
1 0.0353062 0.000513878 0.95989 0.000737939 0.00326047 0.000244522 4.7446e-05
4 0.0237692 0.00115065 0.0081529 0.000765563 0.961939 0.000738744 0.00348356
5 0.93198 0.0143607 0.0125678 0.00122112 0.0292669 0.00506879 0.00553459
5 0.956604 0.00213467 0.0300934 0.00117641 0.00732487 0.00215455 0.000512093
2 0.00646848 0.00726724 0.00450369 0.020084 0.00379886 0.944997 0.0128803
7 0.00905544 0.972735 0.00573272 0.00153622 0.00542718 0.00101712 0.00449594
1 0.035646 0.00357749 0.947806 0.00183402 0.00638509 0.0011299 0.00362174
5 0.965037 0.00229514 0.0298928 0.000449124 0.00215663 0.000140038 2.89385e-05
2 0.00553492 0.00476737 0.00392746 0.0179545 0.00130091 0.954024 0.0124904
7 0.0100804 0.97274 0.00500366 0.000554287 0.00473386 0.00584049 0.00104765
6 0.00336197 0.000588089 0.00247644 0.977509 0.00170406 0.00457846 0.00978166
1 0.0352198 0.000433155 0.961207 0.00091658 0.00110683 0.000335222 0.00078121
5 0.942977 0.00458525 0.0298969 0.00198266 0.00353899 0.00493782 0.0120819
2 0.00301023 0.00613939 0.00228735 0.0178183 0.000645975 0.963097 0.00700227
7 0.00890923 0.973267 0.00858289 0.00138788 0.00373989 0.002768 0.00134488
6 0.00427245 0.00203625 0.00373254 0.96263 0.00364771 0.00983471 0.0138464
1 0.0359444 0.00534273 0.943203 0.00241285 0.00604704 0.00238042 0.00466935
4 0.0254699 0.00129892 0.00932491 0.00172559 0.959583 0.000516939 0.0020809
5 0.993277 0.000184731 0.00360983 0.00026161 0.00245043 0.000171722 4.49041e-05
2 0.00726575 0.00891036 0.00288488 0.0246187 0.0036565 0.938506 0.014158
7 0.0100195 0.971142 0.00390985 0.00144319 0.00489009 0.00512198 0.00347359
6 0.00513405 0.000920984 0.00335871 0.966572 0.00273563 0.00822716 0.0130512
1 0.0159413 0.00144748 0.971237 0.000961226 0.00698635 0.000688452 0.00273793
1 0.00107597 0.000606449 0.993706 0.00076693 0.00128943 0.000345513 0.00220969
4 0.0421133 0.000193503 0.0105899 0.000516323 0.945014 0.000346512 0.00122608
5 0.965102 0.00249068 0.0290527 0.000325613 0.00246756 0.000155928 0.000405336
2 0.00478052 0.011613 0.00143206 0.0119034 0.00353112 0.959043 0.00769647
7 0.00780702 0.98072 0.00157103 0.000446486 0.00584473 0.00300311 0.000607486
6 0.00404201 0.000533459 0.00122874 0.962735 0.00223611 0.0189589 0.0102657
1 0.0354782 0.00368295 0.949984 0.001826 0.00528019 0.00236363 0.00138527
3 0.00599735 0.00150791 0.00769389 0.00125185 0.00170057 0.00135345 0.980495
5 0.937276 0.00270002 0.0301734 0.00228115 0.0207203 0.00360684 0.00324243
7 0.00105424 0.974328 0.0017838 0.00529223 0.00312074 0.0107299 0.00369098
1 0.00271906 0.00647072 0.985488 0.000652448 0.00132716 0.000338651 0.00300365
3 0.00738038 0.000377491 0.0050392 0.00347922 0.00184734 0.00564191 0.976234
3 0.00700878 0.00179238 0.00810509 0.000729396 0.00201394 0.00109384 0.979257
2 0.00122559 0.00915161 0.00226222 0.00508154 0.0033688 0.977962 0.000948341
1 0.0270861 0.00551485 0.943165 0.00236198 0.00911847 0.0025718 0.0101821
5 0.945134 0.000775497 0.0304013 0.000713648 0.0223945 0.00029137 0.000289921
2 0.00056587 0.00563373 0.000483272 0.00446659 0.00115389 0.987233 0.000464035
7 0.00320785 0.978494 0.00236273 0.00133304 0.00795023 0.00517139 0.00148084
1 0.00742485 0.00176811 0.982984 0.000787098 0.00455531 0.000439786 0.00204062
3 0.0100005 0.00030587 0.00518841 0.00249876 0.00221246 0.00355043 0.976244
2 0.00184525 0.01329 0.00272306 0.0319735 0.00311148 0.945319 0.00173771
7 0.00168746 0.979038 0.00415353 0.00284696 0.000704633 0.0107076 0.000861788
6 0.00592062 0.00585215 0.00279559 0.937351 0.00532232 0.0386271 0.00413122
1 0.0252148 0.000234051 0.969006 0.000393085 0.00430086 0.000258051 0.000593682
1 0.0152948 0.000443987 0.982712 0.000386153 0.000806827 8.65946e-05 0.000269579
3 0.00970073 0.00110666 0.00439603 0.00101904 0.000673032 0.00589826 0.977206
7 0.000698509 0.97334 0.00189555 0.004035 0.00468132 0.011092 0.00425728
6 0.00422618 0.00426576 0.00263208 0.914455 0.00389684 0.0629846 0.00753938
1 0.0348578 0.000500268 0.961703 0.00058977 0.00209298 0.0001463 0.000109964
1 0.0314785 0.0145266 0.928637 0.00222626 0.00866891 0.00705952 0.00740357
3 0.00756644 0.000133558 0.00817754 0.00101813 0.0017966 0.000202853 0.981105
7 0.000601496 0.993126 0.00389153 0.000313997 0.000622804 0.000984652 0.000460003
1 0.0110654 0.00389387 0.979364 0.00051284 0.00483649 0.000274735 5.2853e-05
7 0.00279071 0.985242 0.00374728 0.00137816 0.00186324 0.00346735 0.00151108
6 0.00414666 0.00484479 0.00270647 0.914316 0.00431296 0.0627288 0.00694444
1 0.0218576 0.00537395 0.949558 0.00260742 0.0125418 0.00243058 0.00563096
1 0.0352866 0.00371301 0.957276 0.000733298 0.00122317 0.00112694 0.000640915
3 0.00805628 0.00138304 0.00843057 0.00113688 0.00221527 0.00235072 0.976427
5 0.953211 0.000332077 0.0299434 0.00083761 0.0148095 0.000187044 0.000678976
5 0.934869 0.00140538 0.03079 0.00193334 0.023001 0.00172675 0.00627454
2 0.00245891 0.0174268 0.00291176 0.0439718 0.00136358 0.926937 0.00493032
7 0.00248383 0.976674 0.00674997 0.00248518 0.00297669 0.00624757 0.00238298
6 0.00442831 0.00737922 0.00398886 0.909711 0.00442864 0.0627552 0.00730889
1 0.0336781 0.00450354 0.944369 0.00153901 0.00686473 0.00223494 0.00681016
3 0.00294674 0.00104583 0.00131956 0.00684505 0.00118752 0.00550902 0.981146
7 0.00211028 0.972262 0.00115103 0.00806365 0.00187575 0.011138 0.0033995
1 0.0168206 0.00713527 0.962636 0.0011889 0.00323051 0.00254356 0.00644474
4 0.0417888 0.00759237 0.0048944 0.00118086 0.93909 0.00449561 0.000957843
7 0.002356 0.97867 0.000816709 0.00383297 0.00315353 0.0106618 0.000508579
1 0.027166 0.000243481 0.967328 0.000682768 0.00336812 0.000182861 0.00102883
4 0.0120989 0.00203142 0.000983013 0.0115271 0.96199 0.0043257 0.00704368
7 0.000235135 0.970869 0.000263923 0.0110747 0.00355414 0.0118461 0.00215713
1 0.0128544 0.00635177 0.955179 0.00362438 0.010905 0.0031515 0.00793377
4 0.00208457 0.000675767 0.00143187 0.00485415 0.979559 0.00270155 0.00869353
5 0.918168 0.00201639 0.0250017 0.00113514 0.0460536 0.000825683 0.00679946
2 0.00129398 0.0103662 0.00079634 0.0151351 0.00288097 0.966823 0.00270469
7 0.00309127 0.964599 0.00128009 0.00795698 0.00395058 0.0109709 0.0081513
1 0.00449635 0.00607039 0.968476 0.00286243 0.0100336 0.00247532 0.00558583
5 0.943118 0.00770349 0.00340061 0.000934247 0.0430106 0.0010392 0.000793375
7 7.63057e-05 0.977997 0.000117224 0.00827177 0.00230225 0.0111513 8.41374e-05
1 0.0194546 0.00379054 0.948115 0.00529903 0.0123052 0.00240478 0.00863078
1 0.0110527 0.000313363 0.986551 0.000236341 0.00175679 4.80216e-05 4.17299e-05
4 0.0416064 0.00148028 0.00576068 0.000557153 0.940188 0.0029017 0.00750587
2 0.00112081 0.0176267 0.00211468 0.0424503 0.00213105 0.92572 0.00883668
6 0.00205052 0.0105175 0.00351937 0.90786 0.0152434 0.0454216 0.0153876
1 0.0213932 0.00212342 0.95073 0.00328488 0.0128127 0.00240693 0.00724897
4 0.000572536 9.69204e-05 0.000295663 0.00423697 0.984655 0.00148615 0.00865696
4 0.00134675 0.00403101 0.000562019 0.00665202 0.976561 0.00215078 0.00869629
2 0.00263201 0.0114812 0.00256 0.0448815 0.00495207 0.924479 0.00901428
6 0.00352545 0.0150053 0.00317691 0.915152 0.0186921 0.039041 0.00540759
1 0.00525662 0.00452045 0.96975 0.00308879 0.00968205 0.00244035 0.00526215
4 0.0110499 0.00042543 0.00385253 0.00186991 0.975224 0.00129529 0.00628262
3 0.00267442 0.00249141 0.00299514 0.00350017 0.00513673 0.00159871 0.981603
5 0.92629 0.00936982 0.0317565 0.00271397 0.0205749 0.00323054 0.00606426
2 0.00267197 0.0101466 0.00210035 0.0148686 0.00324482 0.963618 0.00334948
4 0.00922655 0.00125351 0.0072843 0.000785655 0.976549 0.000629689 0.00427171
2 0.00454818 0.0128089 0.00239309 0.0301584 0.00633186 0.93791 0.00584959
7 0.000994193 0.970451 0.00190031 0.00597867 0.0071209 0.0111594 0.00239593
1 0.00566495 0.00010552 0.99197 0.000299718 0.00141634 0.0001171 0.000426386
2 0.00074451 0.00715791 0.000533173 0.0544712 0.000489902 0.935548 0.00105549
6 0.00135138 0.00491617 0.000922187 0.918826 0.0100753 0.0623232 0.00158582
1 0.00647674 0.00028103 0.977819 0.00164699 0.00241269 0.000498129 0.0108658
4 0.000184308 0.0040488 0.000170785 0.00913922 0.979139 0.00566692 0.00165046
2 0.00117934 0.0102465 0.000958016 0.04616 0.000435927 0.938105 0.00291489
1 0.0357363 0.000373773 0.95065 0.00280577 0.00303349 0.00127649 0.00612389
5 0.961003 0.00222631 0.0298561 0.000656272 0.00577587 0.000310337 0.00017179
2 0.0014198 0.0148406 0.00059496 0.035239 0.00130368 0.945973 0.000628922
1 0.0348205 0.00105294 0.958555 0.000652498 0.00430136 0.000346284 0.000271135
4 0.00444557 0.00495082 0.00280497 0.00410763 0.973954 0.00262703 0.00711033
4 0.000897169 0.00402291 0.000363573 0.00696274 0.981071 0.00587199 0.000810482
2 0.00245489 0.00743366 0.002083 0.0571534 0.00346283 0.924356 0.00305654
7 0.00033431 0.982365 0.000544988 0.00667138 0.00108006 0.00879313 0.000211131
1 0.0352199 0.00147861 0.954221 0.000394487 0.00513104 0.000966771 0.00258785
3 0.004087 0.00409596 0.00208128 0.00100801 0.00311888 0.00261959 0.982989
5 0.939384 0.00442064 0.0310269 0.000977974 0.0216969 0.00202427 0.000469308
2 0.000674988 0.00861854 0.000610219 0.0255323 0.000721961 0.962739 0.00110288
7 0.000427231 0.98207 0.000916302 0.00254114 0.00367496 0.00978869 0.000581767
6 0.00286238 0.00620987 0.00274288 0.91652 0.0031272 0.0630035 0.00553422
1 0.0238085 0.000134645 0.967504 0.000788729 0.000760783 0.000981533 0.00602177
4 0.04289 0.00660947 0.00226454 0.000932234 0.941323 0.0055036 0.000477027
5 0.919098 0.015051 0.0162394 0.00292454 0.0316439 0.0085818 0.00646168
7 8.41097e-05 0.980891 6.39494e-05 0.00657465 0.00164095 0.0106441 0.000101041
1 0.0352014 0.000386541 0.961515 0.00052493 0.000506737 0.000912639 0.000952302
4 0.0227002 0.00895991 0.00817641 0.00332413 0.943528 0.00546247 0.00784916
5 0.944842 0.00240439 0.030588 0.00135319 0.0151673 0.00204354 0.00360147
5 0.940731 0.00198473 0.0313831 0.00101308 0.0213831 0.00151926 0.00198606
2 0.000652824 0.00707789 0.00229935 0.0572277 0.00260615 0.926555 0.00358149
7 0.00390513 0.963514 0.00376317 0.00845542 0.0070226 0.00974778 0.00359238
6 0.0010806 0.00168404 0.00168998 0.921824 0.000548851 0.0612919 0.0118806
1 0.0164623 0.00662758 0.947222 0.00348551 0.0117826 0.00303128 0.0113892
4 0.0444211 0.00125445 0.0019157 0.00029253 0.950295 0.00101364 0.000807909
2 0.000880713 0.00387461 0.000843512 0.0572213 0.000704025 0.934398 0.0020775
6 0.00259526 0.0206728 0.00274204 0.908265 0.00616995 0.053038 0.00651692
1 0.0351706 0.00034836 0.962084 0.000543863 0.00146534 0.000315459 7.22439e-05
4 0.00780944 0.00478511 0.00310814 0.00237605 0.972679 0.00477309 0.00446882
3 0.00247695 0.0021974 0.0013179 0.0105179 0.00651713 0.00229709 0.974676
5 0.917841 0.0040889 0.0339875 0.00294997 0.0324311 0.00289942 0.00580221
2 0.00192493 0.00430148 0.00208222 0.0550062 0.00208598 0.921119 0.0134801
7 0.00293894 0.98169 0.00252191 0.00175908 0.00803863 0.00186945 0.00118149
1 0.035246 0.000689923 0.958768 0.000578174 0.00364291 0.000363223 0.000712186
4 0.028463 0.00928173 0.00682754 0.00242088 0.945916 0.00390319 0.00318758
5 0.917863 0.00395908 0.026484 0.00271309 0.0455884 0.000894783 0.00249786
7 0.000392364 0.996228 0.00208462 0.00017059 0.000433714 0.000618603 7.24761e-05
6 0.00322023 0.0115095 0.00258871 0.911965 0.00271545 0.0625134 0.00548756
1 0.0354893 0.00583423 0.951179 0.000478292 0.00545113 0.000884393 0.000683191
5 0.929497 0.00695871 0.0307167 0.00269651 0.0220562 0.00283345 0.00524118
2 0.000479185 0.0136972 0.00241741 0.0547008 0.00235737 0.921871 0.00447737
7 0.00108206 0.97496 0.00195022 0.00560805 0.00476444 0.0107532 0.000882201
6 0.000563546 0.000616305 0.000833066 0.928232 0.000513597 0.0623525 0.00688873
1 0.0273918 0.00627792 0.939369 0.001969 0.014423 0.00239967 0.00816918
1 0.0315255 0.00465085 0.937182 0.00322686 0.00482126 0.00326714 0.0153264
4 0.0173339 0.00601765 0.00274063 0.00412927 0.955654 0.00701072 0.00711383
5 0.919559 0.0102446 0.0302912 0.00316815 0.0283896 0.00390713 0.0044404
2 0.000548891 0.00714449 0.000608205 0.0571881 0.00129855 0.92747 0.00574184
7 5.33502e-06 0.995241 0.000224147 0.00065922 0.000614335 0.00291906 0.000336754
6 0.000700627 0.000932365 0.000634961 0.946622 0.001267 0.0401513 0.00969142
1 0.0356884 0.005639 0.947043 0.00223311 0.00220068 0.00324559 0.00395
4 0.00197563 0.00144937 0.00035056 0.00930053 0.978566 0.00372373 0.00463415
4 0.00214051 0.00200322 0.000558121 0.00953534 0.976967 0.00406258 0.00473338
2 0.000226048 0.00625265 0.000440919 0.0573587 0.00278564 0.930344 0.00259189
7 3.63632e-06 0.996345 6.16753e-05 0.000868326 0.000278676 0.00224507 0.000197751
6 0.000334066 0.000458521 0.000214535 0.932038 0.00085688 0.0609058 0.00519216
1 0.0352169 0.0014656 0.958905 0.000899628 0.00225035 0.000930326 0.000332256
5 0.93802 0.013104 0.0270824 0.00126483 0.0157753 0.00336114 0.00139259
2 0.00176856 0.00931992 0.000766979 0.0029355 0.00158434 0.979985 0.0036398
7 0.00940146 0.96708 0.00469447 0.00146493 0.00653745 0.00646476 0.0043574
1 0.0353383 0.00159962 0.953998 0.000536831 0.00376999 0.0013264 0.00343129
4 0.00353865 0.00394975 0.0027719 0.000185603 0.989155 0.00029366 0.000105019
3 0.00319711 0.0025003 0.00239618 0.00678057 0.00154588 0.00543688 0.978143
7 0.00495818 0.972356 0.00276638 0.000392812 0.00901734 0.00686485 0.0036445
1 0.0158694 0.0038452 0.966235 0.000914883 0.0107924 0.00161375 0.00072932
1 0.0353716 0.00715449 0.951892 0.00100913 0.00249478 0.00112715 0.000950489
1 0.00759689 0.000658386 0.984825 0.000200345 0.00635146 0.000172456 0.000195675
4 0.0111658 0.00513471 0.00353065 0.00318745 0.965661 0.00400684 0.00731356
2 0.00575301 0.0119179 0.00453746 0.0137114 0.00550047 0.950989 0.00759087
7 0.00339457 0.969231 0.00315835 0.000748094 0.00723094 0.0114088 0.00482803
6 0.00310529 0.00441631 0.00307503 0.918568 0.0050642 0.0444002 0.0213707
1 0.00574056 0.000471577 0.992631 0.00025568 0.000451608 0.000381097 6.81151e-05
4 0.0304228 0.00750265 0.0124549 0.00158907 0.946041 0.00157544 0.000414446
2 0.00785627 0.0112592 0.00541731 0.00713995 0.00310208 0.957062 0.00816316
1 0.0304034 0.018441 0.931163 0.0021122 0.0102528 0.0048027 0.00282458
6 0.00444305 0.00362008 0.00274881 0.906644 0.00523558 0.0573299 0.0199785
1 0.0101163 0.00113184 0.986586 0.000174578 0.00134595 0.000546896 9.8295e-05
4 0.00284519 0.00213941 0.000769672 0.00134221 0.992069 0.000242937 0.000591589
3 0.0065563 0.00319317 0.00554063 0.0123085 0.00293807 0.00506903 0.964394
5 0.955927 0.00895191 0.0286718 0.00080465 0.00325543 0.00154628 0.000842468
7 0.00923885 0.973944 0.00859399 0.00017517 0.00363113 0.00212802 0.0022891
1 0.012419 0.00541932 0.972748 0.000794938 0.0071829 0.00088734 0.000548703
1 0.0120174 0.000277196 0.987027 0.000167612 0.000398768 8.98802e-05 2.25674e-05
1 0.0352974 0.00227735 0.951355 0.000812459 0.00914401 0.000559097 0.000554617
2 0.00513132 0.0102866 0.00430633 0.00136546 0.00190977 0.968709 0.00829122
6 0.00465084 0.00370594 0.00313757 0.948884 0.00341381 0.0240945 0.0121132
4 0.0446522 0.00257418 0.00277792 0.00121675 0.944918 0.00152055 0.00234075
6 0.00508527 0.00309941 0.0035302 0.950026 0.00142939 0.0219438 0.0148855
1 0.0331661 0.00545892 0.944162 0.00059039 0.0124844 0.00170801 0.0024305
4 0.0340382 0.00263438 0.0122399 0.00015033 0.950448 0.000231071 0.000258411
2 0.0062511 0.0126558 0.00454176 0.0174246 0.00345131 0.946572 0.00910367
1 0.0352405 0.000233543 0.956787 0.000513044 0.00206093 0.00116042 0.00400432
4 0.0310909 0.001552 0.0118043 0.000434525 0.951193 0.000822517 0.0031029
3 0.00554296 0.00260374 0.00243235 0.00191706 0.00560428 0.00162302 0.980277
3 0.0105344 0.00321253 0.00413202 0.00540545 0.00555183 0.00301488 0.968149
5 0.975612 0.00069537 0.0218563 0.000371196 0.00107413 0.000180832 0.00020983
2 0.0006634 0.00526801 0.000668743 0.0224122 0.00618365 0.955524 0.0092799
7 0.00376947 0.967901 0.0036448 0.000840686 0.00882674 0.00994033 0.0050765
1 0.035616 0.000954939 0.949064 0.00176507 0.00635531 0.00242231 0.00382262
4 0.0103947 0.00430844 0.000796272 0.00361132 0.971005 0.00521819 0.00466655
3 0.00909615 0.000291831 0.000660638 0.00171534 0.00177369 0.00506491 0.981397
5 0.923904 0.00321953 0.030807 0.00277525 0.0206998 0.00741742 0.0111767
2 0.0022952 0.0096441 0.00166649 0.0486412 0.00355327 0.923881 0.0103184
7 0.00354582 0.971388 0.00390627 0.00115146 0.0021011 0.0113727 0.00653511
6 0.00430924 0.005169 0.00228386 0.906996 0.0155163 0.0542853 0.0114404
1 0.0357844 0.00443656 0.94725 0.00219155 0.00247886 0.00242265 0.00543608
4 0.00867279 0.000818505 0.000390361 0.000175085 0.989311 0.000425679 0.00020626
5 0.951394 0.0018832 0.030029 0.000730342 0.0150204 0.000508421 0.000434169
2 0.00535429 0.00792414 0.00230848 0.012488 0.0088613 0.956221 0.00684249
6 0.00182192 0.0021512 0.000476529 0.954381 0.00471947 0.0348802 0.00157014
1 0.0345443 0.0017072 0.951371 0.000543209 0.0106384 0.000480311 0.000715842
4 0.025537 0.00760646 0.00380285 0.00686711 0.939553 0.00483007 0.0118037
3 0.000632245 0.000184385 0.000499843 0.011547 0.00183875 0.00118017 0.984118
2 0.00148337 0.0172686 0.00127477 0.0449169 0.00559341 0.924166 0.00529729
7 0.0032506 0.961838 0.00268234 0.00608838 0.00796967 0.0109067 0.0072638
6 0.00385975 0.00219232 0.00306734 0.968259 0.0100851 0.00381633 0.00871987
1 0.00471594 0.0154162 0.96292 0.00158187 0.0075717 0.00250878 0.00528523
1 0.0351251 0.000271329 0.961786 0.000427608 0.0018109 0.000176747 0.000402717
5 0.925192 0.00181915 0.0335296 0.000728749 0.0374856 0.000912354 0.000332763
2 0.00280423 0.00538553 0.00124119 0.0513832 0.00193592 0.923843 0.0134069
7 0.00087765 0.975569 0.000301461 0.00609968 0.00491593 0.0110651 0.00117117
6 0.00361049 0.00844977 0.00280635 0.90074 0.00934081 0.0599615 0.015091
1 0.034954 0.0019445 0.944066 0.00110081 0.0106412 0.0026441 0.00464911
4 0.042041 0.00199733 0.0100174 0.000398659 0.936908 0.0011166 0.00752096
3 0.00640916 0.00131914 0.0036358 0.00750326 0.00592532 0.00128593 0.973921
5 0.972784 0.000904448 0.0089905 0.00136605 0.0139685 0.00126065 0.000725416
2 0.00644563 0.0102052 0.0029357 0.00899577 0.00429788 0.963956 0.003164
7 0.000568751 0.976113 0.000651608 0.00432948 0.00589254 0.0111285 0.00131564
1 0.0342005 0.00641614 0.943953 0.000850925 0.0117889 0.000762719 0.00202831
5 0.920727 0.00506806 0.0277402 0.00252902 0.0312116 0.00531869 0.00740549
2 0.00534197 0.0172743 0.00334754 0.0438585 0.0047893 0.919572 0.00581598
7 0.00512942 0.964984 0.00300198 0.00334142 0.00681458 0.00878117 0.00794695
1 0.0352654 0.00499964 0.946362 0.00113839 0.00955184 0.00156057 0.00112233
4 0.0341201 0.00465986 0.00708306 0.00367306 0.93272 0.00315073 0.0145936
3 0.0029263 0.00259219 0.000981347 0.0136873 0.00219749 0.00446434 0.973151
5 0.967192 0.000110489 0.0298637 0.000632053 0.00162642 0.000195359 0.000379986
2 0.0017308 0.0163896 0.00105293 0.0391522 0.000945588 0.937975 0.00275421
7 0.00121781 0.97198 0.0026803 0.00438677 0.0023558 0.0112756 0.0061037
6 0.000895964 0.000375836 0.000985587 0.981658 0.00102326 0.0111046 0.00395688
1 0.0355818 0.00150717 0.94787 0.00230917 0.00572196 0.00289791 0.00411226
4 0.0184003 0.00890819 0.00250532 0.0120122 0.93892 0.00844677 0.010807
3 0.00776646 0.00532768 0.00195502 0.00302855 0.00356012 0.00375181 0.97461
5 0.965869 0.000604051 0.0298695 0.000314409 0.00309476 0.000116843 0.000131659
5 0.904382 0.00834557 0.0288604 0.00276077 0.0282092 0.00793329 0.0195083
2 0.000719115 0.0103717 0.000219449 0.010042 0.000763186 0.975607 0.00227748
7 0.00247259 0.973392 0.00101374 0.00369931 0.00468406 0.0108608 0.00387762
1 0.0352884 0.00122976 0.957243 0.000953073 0.0040968 0.000665063 0.000524369
3 0.0113562 0.000626151 0.00246419 0.00153463 0.00390722 0.00190917 0.978202
5 0.922357 0.00299837 0.026002 0.00109621 0.0457149 0.00147931 0.000352206
2 0.00141169 0.0114934 0.000442123 0.0237178 0.00175207 0.959974 0.001209
7 0.000835013 0.987079 0.000875233 0.000993129 0.00131147 0.0080306 0.000875817
1 0.0219443 0.000930906 0.968981 0.00153175 0.00501294 0.000723304 0.000875593
1 0.0354814 0.000316494 0.955596 0.00143567 0.00590031 0.000683893 0.000586366
3 0.00244092 0.00364577 0.00463122 0.00667644 0.00606577 0.00446578 0.972074
5 0.931355 0.00924728 0.0303177 0.00131272 0.0216492 0.00135834 0.00476016
2 0.000985125 0.0122539 0.000666334 0.0555646 0.00350626 0.924969 0.00205466
7 0.000386951 0.971357 0.00118278 0.00794129 0.00699469 0.00907654 0.00306086
1 0.00468428 0.00278464 0.983514 0.00085786 0.00254499 0.00110323 0.00451149
4 0.042696 0.00519345 0.0074211 0.00203225 0.933111 0.00567801 0.00386778
3 0.00312336 0.00378494 0.00217015 0.0140111 0.00377315 0.00517551 0.967962
2 0.000683565 0.0167869 0.00102535 0.0496686 0.00306292 0.927155 0.00161738
7 0.000447911 0.968568 0.000536326 0.00685508 0.00838977 0.011059 0.0041439
6 0.00109171 0.00414671 0.00100132 0.921235 0.00225963 0.063005 0.00726054
1 0.00663035 0.000278985 0.991291 0.000391381 0.000566294 0.000289558 0.000552844
1 0.0227364 0.00550845 0.951611 0.00118631 0.0128868 0.00242582 0.00364549
4 0.0444399 0.00483 0.00371057 0.00283226 0.936995 0.00306523 0.00412672
4 0.0446577 0.00224119 0.00368811 0.000210657 0.948118 0.000692616 0.000391444
5 0.916069 0.00265142 0.0176838 0.00266237 0.0458823 0.00344069 0.0116101
7 0.000337295 0.979762 0.000519594 0.00681061 0.00765529 0.0044779 0.000437625
1 0.0127488 0.00288928 0.970497 0.000817929 0.00674386 0.000903602 0.00539945
1 0.0360386 0.00351475 0.940579 0.00166919 0.00811866 0.00249727 0.00758264
3 0.00392117 0.00261805 0.00725003 0.00702686 0.0061337 0.00198359 0.971067
5 0.919909 0.0018079 0.0312523 0.000867036 0.0422473 0.00111703 0.00279897
2 0.000697001 0.0127987 0.00196725 0.0553109 0.00200954 0.925983 0.00123357
7 0.00082915 0.975236 0.00172133 0.00793753 0.00178309 0.0110616 0.00143138
1 0.00928597 0.000491087 0.97947 0.000618495 0.00768154 0.000335969 0.00211697
4 0.0345377 0.00783887 0.0102377 0.00121901 0.9393 0.00235859 0.00450787
3 0.00319436 0.00284432 0.00169402 0.00996274 0.00630116 0.00441518 0.971588
5 0.942828 0.00182984 0.0312053 0.000390258 0.0177692 0.000897339 0.00508008
5 0.931526 0.00413149 0.0130403 0.00136262 0.0455227 0.00201925 0.0023977
2 0.00198459 0.0171254 0.000622526 0.0414105 0.00363028 0.931573 0.00365359
7 0.000322449 0.979834 0.00109145 0.00651274 0.00812057 0.00280411 0.00131463
3 0.000898078 0.000691391 0.0065189 0.00557178 0.00474205 0.00108864 0.980489
2 0.000271469 0.00575829 0.000482296 0.0573909 0.0028827 0.932567 0.000647616
7 0.00336011 0.979305 0.00267667 0.00169741 0.00798139 0.00207419 0.00290542
1 0.0358338 0.00701906 0.933756 0.0023497 0.0089478 0.00262811 0.00946602
4 0.027824 0.00293238 0.0109457 0.000527904 0.953195 0.00116094 0.00341372
2 0.000725385 0.00494001 0.000848116 0.0572753 0.00266499 0.93054 0.00300608
7 0.000215429 0.993967 0.000329195 0.00270502 0.0011592 0.00119417 0.000429829
6 0.00398334 0.00679461 0.00345001 0.908159 0.00877088 0.0466442 0.0221985
1 0.032106 0.00798335 0.947414 0.000962627 0.010101 0.000640281 0.000792546
1 0.0352272 0.00274614 0.957822 0.000572853 0.00198773 0.000815196 0.000828985
4 0.000755319 0.00105563 0.000892348 0.00581138 0.981348 0.0018992 0.00823833
2 0.00102766 0.00732127 0.00197609 0.0572192 0.00297551 0.926383 0.00309698
7 0.00076976 0.976533 0.000955506 0.00663006 0.00348593 0.0107548 0.000870792
6 0.00273546 0.00187274 0.00317939 0.963474 0.00546633 0.00945824 0.0138136
1 0.0235071 0.0014765 0.959195 0.000818775 0.0129181 0.000774227 0.00130991
1 0.00293444 0.00579825 0.985819 0.000546905 0.00162987 0.00153691 0.00173465
4 0.0433115 0.00654946 0.00361962 0.00195098 0.936955 0.00214832 0.00546497
5 0.90699 0.0064642 0.0305154 0.00281653 0.0411239 0.00429631 0.00779388
2 0.000516298 0.015665 0.000876929 0.0521822 0.00272456 0.926352 0.00168262
7 0.00321856 0.963794 0.00112564 0.0118784 0.00553478 0.0120775 0.0023714
6 0.00297266 0.00681111 0.00239905 0.910153 0.00443541 0.0626067 0.010622
1 0.022382 0.00412289 0.944832 0.00250273 0.0135037 0.00236998 0.0102862
4 0.0445793 0.00290062 0.00513195 0.00190099 0.939975 0.00244423 0.0030682
2 0.000512179 0.014552 0.000279352 0.053621 0.00361544 0.925523 0.00189702
7 0.00019864 0.976266 0.000112859 0.00798383 0.00219513 0.0111037 0.00214005
7 0.000404603 0.975908 0.000146767 0.0046382 0.00626167 0.0110782 0.00156242
1 0.0356294 0.00173974 0.948257 0.000793875 0.00712773 0.00153133 0.00492059
3 0.0107476 0.00228703 0.00430659 0.000759562 0.00537272 0.00227778 0.974249
5 0.946026 0.000389343 0.0302711 0.000726928 0.0205287 0.000711329 0.00134622
2 0.00301924 0.00947299 0.00318851 0.00134737 0.00248846 0.975016 0.00546781
7 0.00722605 0.971092 0.00751802 0.000268617 0.0081369 0.00171154 0.00404664
6 0.00340876 0.00247328 0.00288896 0.923803 0.00846229 0.039243 0.0197202
1 0.00922218 0.000288757 0.987979 0.000563511 0.000288866 0.000331407 0.00132605
3 0.0108967 0.000181884 0.00513711 0.00177139 0.00183237 0.00445213 0.975728
3 0.00961851 0.00140851 0.00527843 0.00151843 0.00174794 0.00616367 0.974265
2 0.00560103 0.00150515 0.00269326 0.00581767 0.0038101 0.970663 0.00990985
7 0.00473836 0.972167 0.00349166 0.000518665 0.00303653 0.0111325 0.00491504
6 0.00339447 0.00107789 0.00292617 0.919586 0.00410022 0.0471412 0.0217738
1 0.0351497 0.00184942 0.952143 0.00228995 0.00423502 0.00321939 0.00111327
4 0.0432648 0.000250832 0.00647095 0.000272417 0.947907 0.000768768 0.00106574
3 0.00635 0.005787 0.0062633 0.00344231 0.0018201 0.00467936 0.971658
5 0.962476 0.000412162 0.0298861 0.00134222 0.0049799 0.000681281 0.000222741
2 0.00301101 0.0101821 0.00226216 0.00609174 0.00448052 0.967199 0.00677329
2 0.000652128 0.0043383 0.000636039 0.0268066 0.000551543 0.965502 0.00151296
7 0.00606353 0.966544 0.0051728 0.00154081 0.00658684 0.0103572 0.00373434
6 0.00367529 0.00137434 0.00292667 0.921897 0.00753289 0.0416755 0.0209185
1 0.0355471 5.25249e-05 0.957375 0.000453878 0.00628011 0.000162256 0.000129588
1 0.0352063 0.000537446 0.960347 0.00122828 0.00167901 0.000761204 0.000241023
4 0.032113 0.000898358 0.0123842 0.000400961 0.951064 0.000966314 0.0021729
3 0.00212222 0.00151431 0.00222252 0.00699013 0.00221229 0.00293552 0.982003
5 0.935834 0.000531852 0.0305332 0.0025436 0.0227513 0.00145213 0.00635416
2 0.00295495 0.0108022 0.00367494 0.0173054 0.00225617 0.951333 0.0116738
6 0.000353604 5.01985e-05 0.000856858 0.993921 0.000439034 0.00235049 0.00202924
1 0.0345822 9.38342e-05 0.960251 0.000348881 0.00399349 8.20889e-05 0.000648484
1 0.0290244 0.000163735 0.951352 0.000966357 0.0139436 0.000465055 0.00408522
3 0.00453858 0.00341091 0.00267147 0.00413459 0.00214397 0.00517772 0.977923
5 0.939738 0.00263504 0.0302219 0.00273354 0.0174255 0.00528335 0.00196228
5 0.965966 0.00149433 0.0230344 0.00170701 0.00612836 0.000761799 0.000908112
2 0.00473985 0.00703982 0.00395925 0.0234706 0.013563 0.932954 0.0142738
2 0.000536689 0.00716949 0.000463011 0.0546105 0.000495567 0.931321 0.00540419
7 0.00137118 0.970762 0.00223681 0.00466524 0.00501961 0.0111466 0.00479815
6 0.000388371 0.000237479 0.000474679 0.948231 0.00222873 0.0398935 0.00854591
1 0.0352224 0.000116642 0.953826 0.000829775 0.00936598 0.000274536 0.000364813
4 0.0231606 0.000416627 0.00759062 0.000867806 0.963179 0.000707556 0.00407744
3 0.00894124 0.00146632 0.00476928 0.00461026 0.00345778 0.00659909 0.970156
5 0.963308 0.000283708 0.00615933 0.00323835 0.0165815 0.00355624 0.00687274
2 0.000621494 0.00451075 0.000880079 0.0283353 0.00156179 0.95467 0.00942061
2 0.00318996 0.0128254 0.00246018 0.0235491 0.00448889 0.939177 0.0143092
6 0.0002757 8.47575e-05 0.000401911 0.983717 0.00188717 0.00850383 0.00512998
1 0.0269528 0.0069437 0.937804 0.00189473 0.0145458 0.00356404 0.00829521
1 0.0174318 0.000323212 0.979441 0.000588252 0.001537 0.000346302 0.000332814
4 0.0260305 0.000371695 0.0096946 0.00143514 0.959448 0.00097253 0.00204785
3 0.00488405 0.00469683 0.00504687 0.0020143 0.0022373 0.00521521 0.975905
5 0.929266 0.000222083 0.0338504 0.00122638 0.0342994 0.000594292 0.000541043
2 0.00452235 0.00593678 0.00276913 0.00984178 0.00163973 0.964673 0.0106168
1 0.0351824 0.000130543 0.957671 0.0005079 0.00630205 0.000122931 8.34896e-05
4 0.0340197 0.00130012 0.0129889 0.00163328 0.943469 0.00287854 0.00371004
3 0.00308013 0.00418335 0.00369188 0.00614984 0.00127789 0.00566841 0.975949
5 0.94117 0.00104097 0.0302243 0.0016332 0.0221927 0.000770945 0.00296765
5 0.936532 0.000992938 0.0303186 0.00155538 0.0223355 0.00151721 0.00674832
2 0.00103138 0.00949446 0.00143428 0.0116239 0.00296322 0.962034 0.011419
7 0.00369275 0.969183 0.00299576 0.00394774 0.00308174 0.0112321 0.00586731
6 0.00340707 0.000838213 0.00306009 0.961378 0.0024243 0.0140373 0.0148552
1 0.0347949 0.000274412 0.955762 0.00148459 0.00558572 0.00132346 0.000775201
4 0.0415617 0.000425635 0.0110228 0.000419786 0.943732 0.00222902 0.000608849
3 0.00474061 0.0010369 0.00132603 0.00793346 0.000309066 0.0056493 0.979005
5 0.937922 0.00039372 0.0304236 0.00152469 0.0225231 0.000763134 0.00644997
2 0.00574973 0.0111883 0.00355347 0.00654502 0.0061377 0.958299 0.00852664
2 0.00691553 0.00487154 0.00229259 0.0247884 0.00392149 0.943254 0.0139568
1 0.0170341 6.62391e-05 0.977811 0.000979051 0.00339311 0.000496117 0.000219984
4 0.029522 0.000552556 0.0117691 0.000582756 0.951065 0.00110748 0.00540154
3 0.00642118 0.00377498 0.00648464 0.00223676 0.00520692 0.00465638 0.971219
5 0.946219 0.000212769 0.0301455 0.00242309 0.0184451 0.000632601 0.00192226
2 0.00109935 0.00221436 0.00070604 0.0149206 0.000377772 0.96954 0.0111418
6 0.00397515 0.00349985 0.00292911 0.924444 0.00575469 0.0394759 0.0199212
6 0.00196651 0.000877027 0.000724749 0.92157 0.00412823 0.0577605 0.0129728
1 0.00728456 0.000265039 0.98378 0.000808006 0.00705655 0.000608024 0.000197907
1 0.013301 8.92354e-05 0.976452 0.000468691 0.00906759 0.000249476 0.000371819
