labels 5 7 1 6 4 2 3
5 0.868515 0.0165269 0.0453772 0.00359875 0.0461646 0.00477578 0.0150419
7 0.0067748 0.968419 0.00223277 0.00625823 0.00262004 0.0101739 0.00352084
1 0.0559886 0.00341744 0.929476 0.000810492 0.00656869 0.000471962 0.00326681
5 0.893577 0.00649171 0.0294056 0.0021417 0.0499341 0.00753785 0.0109119
7 0.00242788 0.97967 0.00257769 0.0027224 0.000952174 0.0100928 0.00155666
6 0.00194352 0.00730582 0.00297938 0.94778 0.0072348 0.0305459 0.0022106
1 0.0538973 0.00311966 0.915662 0.0021301 0.0158301 0.00224498 0.00711543
1 0.0197498 0.001742 0.967025 0.000714642 0.00482724 0.00108223 0.00485905
4 0.0507319 0.00261923 0.0125709 0.000391795 0.931652 0.00127129 0.000763195
5 0.876182 0.0203739 0.0376087 0.00190016 0.0472921 0.00449425 0.0121486
2 0.00191724 0.0124111 0.00172725 0.0101511 0.00539829 0.966305 0.00209039
7 0.0044204 0.989363 0.00111801 0.000961205 0.000964811 0.00269009 0.000482188
6 0.00238345 0.00698466 0.00261067 0.831214 0.00688362 0.148206 0.0017182
1 0.0114924 0.00705436 0.973409 0.00206783 0.00145756 0.00383538 0.000682986
4 0.0462374 0.00171113 0.0107813 0.00266725 0.925115 0.00298944 0.0104983
5 0.887171 0.0151532 0.0296109 0.00334466 0.0506625 0.00460005 0.00945791
7 0.00701956 0.948054 0.00583418 0.00956802 0.00463631 0.0145494 0.0103389
6 0.00244546 0.01439 0.00378633 0.937934 0.0062521 0.0281995 0.00699313
1 0.023352 0.00438308 0.94746 0.00265544 0.0154657 0.00218553 0.0044981
1 0.0151372 0.00116784 0.981313 0.000485652 0.00131086 0.000376836 0.000208146
5 0.898903 0.00564256 0.0257397 0.00296631 0.0493208 0.00338216 0.0140458
5 0.884858 0.00556853 0.0297569 0.0027096 0.0493804 0.00967431 0.0180519
2 0.000234932 0.0169395 0.000534601 0.0368825 0.000794496 0.943284 0.00132981
7 0.000784202 0.987604 0.00090097 0.00132251 0.00205973 0.00672028 0.000607913
1 0.0559931 0.000880896 0.938224 0.000374985 0.0040372 0.000445223 4.50287e-05
5 0.901539 0.00476156 0.0260281 0.00368994 0.0485419 0.00350347 0.0119362
2 0.00076887 0.00573582 0.000756066 0.0407724 0.00213053 0.939978 0.00985835
7 0.00595161 0.970278 0.0049104 0.0017063 0.000913101 0.01369 0.00255099
6 0.00361335 0.00695797 0.00303137 0.940649 0.00611767 0.0293861 0.0102444
1 0.215918 0.0102837 0.753306 0.00197203 0.00690607 0.00305023 0.00856319
1 0.0543889 0.0116419 0.914891 0.001845 0.0122816 0.00237292 0.00257895
4 0.0374066 0.00519794 0.013581 0.000972494 0.93569 0.00166769 0.00548415
2 0.000805016 0.0395835 0.00201364 0.0361801 0.00370064 0.912467 0.00524969
7 0.00524418 0.961023 0.00210559 0.00819017 0.00375607 0.0144586 0.00522253
6 0.000400842 0.000144792 0.000367947 0.993763 0.00127364 0.00221426 0.00183558
1 0.0396424 0.00688926 0.923556 0.00220717 0.019691 0.00312989 0.0048842
7 0.0115395 0.954931 0.00613819 0.00506767 0.00514794 0.0137639 0.00341198
6 0.00262611 0.00542566 0.00338075 0.94584 0.00608885 0.0302126 0.00642623
1 0.0122138 0.00316909 0.980764 0.000767067 0.00138665 0.000873366 0.00082558
2 0.00221065 0.0145549 0.0014357 0.0226845 0.00201076 0.949599 0.00750445
7 0.00931408 0.95889 0.0056581 0.00386395 0.00424158 0.0148457 0.00318659
6 0.00319516 0.00614907 0.00172557 0.951241 0.00249058 0.0301235 0.00507541
1 0.051197 0.00465293 0.918818 0.00199651 0.0180612 0.00213823 0.0031365
4 0.0538856 0.000348404 0.0108075 0.00135706 0.926219 0.00119891 0.00618401
3 0.00936744 0.00444741 0.00120295 0.00575673 0.0054107 0.0063967 0.967418
7 0.00234329 0.968069 0.00182022 0.0050557 0.00153622 0.0142136 0.00696192
7 0.011602 0.952986 0.00301876 0.00470381 0.00574479 0.0153293 0.00661505
1 0.0177565 0.00473347 0.96098 0.00129425 0.0110535 0.00233304 0.0018494
1 0.0276905 0.000372339 0.967389 0.00047322 0.00318029 0.000387342 0.00050769
4 0.0408486 0.00569132 0.0134348 0.000716819 0.931374 0.00219357 0.00574116
5 0.889848 0.00358435 0.0171379 0.00692493 0.0416952 0.00271528 0.0380946
2 0.00580335 0.0120372 0.0025063 0.00412026 0.00434933 0.965806 0.00537737
7 0.0152108 0.957208 0.00419338 0.00130382 0.00387668 0.0149717 0.00323574
1 0.0521898 0.0031697 0.922089 0.000800354 0.0172128 0.00086161 0.00367722
1 0.0357705 0.000156627 0.954501 0.00113929 0.00775722 0.00022546 0.000449716
4 0.0431659 0.000548228 0.0146021 0.000188429 0.940283 0.000462553 0.000749951
4 0.0522612 0.00112453 0.010995 0.00121271 0.931555 0.00128984 0.00156146
5 0.92035 0.00559554 0.019548 0.00211035 0.0375848 0.00287126 0.0119401
2 0.00612897 0.0124607 0.00383992 0.00250774 0.00341284 0.9648 0.00684947
7 0.0165836 0.955478 0.00288207 0.000423438 0.00588027 0.0121928 0.00655973
6 0.00395659 0.00215207 0.00336454 0.972836 0.00350127 0.00623577 0.00795414
1 0.0558822 0.000402569 0.939154 0.000925178 0.00104896 0.000689916 0.00189677
5 0.896226 0.0137522 0.0262357 0.00145616 0.0247971 0.00451969 0.0330131
2 0.00476673 0.00352287 0.00236979 0.00994631 0.00349147 0.973451 0.00245215
7 0.0102839 0.968638 0.0046036 0.00070164 0.00638669 0.0032739 0.00611195
6 0.00129891 0.000255231 0.000766051 0.993806 0.00135612 0.00119079 0.00132701
1 0.0540678 0.000629031 0.928396 0.00106545 0.0152885 0.000338323 0.000215096
5 0.90581 0.00418229 0.0434456 0.000711225 0.0406244 0.00168007 0.00354663
2 0.00574073 0.0126382 0.00363517 0.0102759 0.0058251 0.950387 0.0114981
7 0.00965081 0.958782 0.00294887 0.00444431 0.00209363 0.0149033 0.00717748
6 0.0023441 0.000743374 0.00203305 0.981919 0.00316745 0.00251409 0.00727853
1 0.0548684 0.000946554 0.928868 0.000556053 0.0141494 0.000280405 0.000331657
5 0.982408 0.00514788 0.00281571 0.00161092 0.00244814 0.00374396 0.00182502
2 0.000686656 0.00296905 0.000212557 0.00955431 0.000779951 0.983749 0.00204897
7 0.0150636 0.95549 0.00231236 0.00114303 0.00377562 0.014343 0.00787226
6 0.000786766 0.000116957 0.000344395 0.996826 0.000518441 0.000856786 0.000551008
6 0.00294246 0.000445238 0.00174378 0.987016 0.0034987 0.00183527 0.00251835
1 0.0560024 0.000304661 0.939746 0.00068582 0.00300188 0.000196514 6.23289e-05
4 0.0310532 0.000843211 0.00970279 0.000560665 0.952995 0.000478779 0.00436653
5 0.907686 0.0198155 0.0205155 0.00201335 0.0317388 0.00696985 0.0112608
5 0.912397 0.00212333 0.0537368 0.000888424 0.0284453 0.00140244 0.00100697
2 0.00712433 0.00519254 0.00439822 0.0142719 0.00471226 0.953312 0.0109891
7 0.0148518 0.96466 0.00890421 0.000925717 0.0044469 0.00113078 0.00508047
1 0.0560903 0.00289194 0.922411 0.00210801 0.0106823 0.00129847 0.00451776
5 0.948041 0.00130061 0.0469346 0.00044974 0.00301354 0.000166462 9.38204e-05
2 0.00571392 0.00262265 0.00336693 0.00932666 0.00248248 0.966215 0.0102728
7 0.0183651 0.958866 0.00731747 0.000936463 0.00482456 0.00762476 0.00206613
6 0.00301284 0.000683494 0.00287202 0.979023 0.00606804 0.00213504 0.00620548
1 0.0560006 0.000271119 0.939943 0.000928486 0.00156188 0.000297497 0.000997341
5 0.894341 0.00607452 0.0476489 0.00235403 0.00878594 0.0076585 0.0331369
2 0.00180892 0.00324155 0.00129665 0.0061304 0.00119284 0.978701 0.00762859
7 0.0147468 0.961668 0.0122365 0.00154492 0.00343755 0.00337077 0.00299512
6 0.00387504 0.00193618 0.00327809 0.965274 0.0136988 0.00336974 0.00856807
1 0.0563458 0.0040894 0.920439 0.00212331 0.00895779 0.0022348 0.00580994
4 0.0401463 0.000756681 0.0140854 0.00115125 0.940056 0.00033307 0.00347107
5 0.995061 0.000275725 0.00246273 0.000278155 0.00143861 0.000255662 0.000228156
2 0.00642462 0.00929433 0.00246615 0.0200014 0.00588908 0.943236 0.0126883
7 0.018083 0.957757 0.0052149 0.00213964 0.00457711 0.00616001 0.00606868
6 0.00467359 0.000914087 0.00333179 0.969407 0.00969385 0.00374199 0.00823785
1 0.0517019 0.00143167 0.93096 0.00109489 0.0110211 0.000565841 0.00322425
1 0.00934368 0.000784196 0.983454 0.00097699 0.00219277 0.000325996 0.00292274
4 0.0471811 0.000232845 0.0137028 0.000423016 0.936282 0.000230745 0.00194743
5 0.972896 0.0018542 0.0217872 0.000346904 0.00180199 0.000188045 0.00112581
2 0.00352652 0.0126526 0.0010631 0.00717769 0.00466284 0.963534 0.00738364
7 0.0132573 0.972724 0.00271382 0.000749314 0.00505162 0.00447518 0.00102825
6 0.00387962 0.00095101 0.00126479 0.978744 0.00452889 0.00571869 0.00491267
1 0.0558648 0.00299989 0.929775 0.00188837 0.00477338 0.00235182 0.00234716
3 0.0168197 0.00293643 0.00881366 0.000849811 0.00275497 0.00226116 0.965564
5 0.911858 0.00242111 0.0524152 0.0021099 0.0229422 0.00433022 0.00392307
7 0.00129149 0.970113 0.00259375 0.00695916 0.00158307 0.0137531 0.00370638
1 0.00454809 0.00183471 0.990047 0.000467939 0.00052199 0.000181683 0.00239872
3 0.014362 0.000310319 0.00649082 0.00259016 0.0039907 0.00738573 0.96487
3 0.0231709 0.00264195 0.0105984 0.000698095 0.00407209 0.00133992 0.957479
2 0.000735796 0.0113641 0.00274293 0.00150547 0.00167017 0.981525 0.000456382
1 0.0451309 0.00371548 0.921607 0.00230027 0.00969083 0.00254447 0.0150113
5 0.921968 0.000642325 0.052734 0.000700292 0.0232138 0.000351792 0.000389782
2 0.000522348 0.00396923 0.000544847 0.00537563 0.00185769 0.987085 0.000645455
7 0.00716058 0.96025 0.00598109 0.00279391 0.00697786 0.0134109 0.00342522
1 0.0380533 0.000828044 0.951501 0.000739177 0.00526663 0.000389029 0.00322324
3 0.0205441 0.000425913 0.00747772 0.00234112 0.0108925 0.00621971 0.952099
2 0.00122824 0.0128435 0.00289339 0.022743 0.00149993 0.957247 0.0015449
7 0.0046219 0.971899 0.00606668 0.00187265 0.000577684 0.0139078 0.00105384
6 0.0060248 0.00658554 0.00301332 0.960195 0.00854086 0.0131104 0.00253033
1 0.0179184 0.000220934 0.976235 0.000396947 0.0041208 0.00029178 0.000815621
1 0.0559655 0.000425133 0.940812 0.000419249 0.00173118 0.000104998 0.000542142
3 0.0217893 0.00220117 0.00497149 0.000960245 0.00254415 0.00927232 0.958261
7 0.00164237 0.976829 0.0032592 0.00101988 0.0018362 0.0135427 0.00187033
6 0.00497257 0.00502855 0.00282027 0.939274 0.0118729 0.0308556 0.00517627
1 0.0542737 0.000200732 0.942355 0.00046012 0.00253205 8.68901e-05 9.18575e-05
1 0.0531828 0.00770516 0.912472 0.00197802 0.0114866 0.00655826 0.00661671
3 0.0187918 0.000214163 0.00973785 0.000897429 0.00554942 0.000374142 0.964435
7 0.00232084 0.985439 0.00836282 0.000391357 0.00067524 0.00198386 0.000826538
1 0.0337342 0.00115677 0.961672 0.000359633 0.00282641 0.000206714 4.4176e-05
7 0.00362615 0.983313 0.00573882 0.00107211 0.00111376 0.00378879 0.00134741
6 0.00452032 0.0057751 0.0032195 0.942552 0.00858379 0.0303872 0.00496191
1 0.0319099 0.00472814 0.933638 0.00237571 0.0167539 0.00253064 0.00806336
1 0.055999 0.00123345 0.939083 0.000633409 0.00123713 0.000944845 0.000869027
3 0.0208196 0.00287527 0.0100984 0.00104976 0.00766706 0.00493234 0.952558
5 0.927473 0.000332406 0.0524206 0.000855839 0.0170506 0.000220858 0.00164704
5 0.905047 0.00188861 0.0528726 0.00239258 0.0234277 0.00251389 0.0118572
2 0.00217004 0.0171913 0.00261128 0.0349806 0.00242062 0.933863 0.0067635
7 0.00342687 0.974191 0.00690512 0.00198624 0.00277243 0.00710394 0.0036139
6 0.00473225 0.00766699 0.00409216 0.940706 0.00625371 0.0301276 0.00642127
1 0.04663 0.0021018 0.937592 0.0012821 0.00451673 0.00188963 0.00598812
3 0.00376854 0.00120156 0.000818021 0.00494765 0.00149878 0.00397819 0.983787
7 0.00114383 0.968844 0.00145698 0.00928735 0.00132476 0.0142013 0.00374133
1 0.0246024 0.00264931 0.958604 0.000863557 0.0035121 0.00221789 0.00755111
4 0.054204 0.00419484 0.00803857 0.00133053 0.925936 0.00497584 0.00132031
7 0.00607614 0.973951 0.00147716 0.00285404 0.00133855 0.0135987 0.0007048
1 0.025568 8.63484e-05 0.970957 0.000518131 0.00215433 0.000124414 0.000591614
4 0.0159662 0.00262522 0.00148114 0.0125378 0.956686 0.00448204 0.00622138
7 0.000631658 0.96502 0.000434068 0.0138517 0.00370906 0.0139231 0.0024299
1 0.018756 0.00705275 0.937874 0.00511845 0.0163301 0.00407515 0.0107939
4 0.00287338 0.00103478 0.00224851 0.0059173 0.975412 0.00271015 0.00980359
5 0.901619 0.00220361 0.0301642 0.00131902 0.0505281 0.000887818 0.0132779
2 0.00043771 0.0116778 0.000530054 0.00566711 0.00206187 0.978141 0.00148408
7 0.00303609 0.960621 0.00208457 0.00792636 0.004455 0.0130016 0.00887562
1 0.0215742 0.00827041 0.938209 0.00381156 0.0150592 0.00345341 0.00962261
5 0.923659 0.0122381 0.00999364 0.00154896 0.0464432 0.00252339 0.00359328
7 9.55619e-05 0.977392 0.000138374 0.0074978 0.000907622 0.0138666 0.000102215
1 0.025735 0.0031991 0.928759 0.00696029 0.0166395 0.00255118 0.0161562
1 0.0543038 0.000265668 0.938123 0.000403345 0.00649451 8.42145e-05 0.000324968
4 0.0430803 0.0026806 0.0129183 0.000781114 0.925124 0.00407796 0.0113381
2 0.000825466 0.0153711 0.00193002 0.0265616 0.00263251 0.946548 0.006131
6 0.00132899 0.00976073 0.00431359 0.94192 0.00824268 0.0246533 0.00978073
1 0.0242575 0.00290467 0.938058 0.00400326 0.0166039 0.00285089 0.0113219
4 0.000551699 5.66851e-05 9.31548e-05 0.00308203 0.986774 0.000506434 0.00893614
4 0.00162905 0.00392864 0.00088719 0.00707936 0.976678 0.00143082 0.0083672
2 0.00131659 0.00659487 0.00173188 0.0188012 0.00283445 0.964234 0.00448734
6 0.0025136 0.0167139 0.00321524 0.939434 0.011525 0.0216194 0.00497878
1 0.00956 0.00297427 0.962356 0.00319163 0.012898 0.00261734 0.00640261
4 0.00792567 0.000219824 0.00308646 0.00137852 0.9794 0.000972884 0.00701676
3 0.0064029 0.00471453 0.00369815 0.00460681 0.0114128 0.00290748 0.966257
5 0.885128 0.0148843 0.0534253 0.00285189 0.0273968 0.00469915 0.0116148
2 0.00287782 0.0119139 0.0022247 0.00886371 0.00579008 0.96624 0.0020897
4 0.0175198 0.00376252 0.00988021 0.00219727 0.956964 0.00201793 0.00765858
2 0.00370989 0.0141843 0.00247446 0.0240512 0.00746011 0.943269 0.00485149
7 0.000839612 0.9735 0.0032654 0.00486558 0.00237028 0.0136203 0.00153931
1 0.0477687 0.000239355 0.938096 0.000556809 0.0101728 0.000270074 0.00289669
2 0.000396804 0.00397865 0.000477943 0.0330809 0.000583567 0.959449 0.00203271
6 0.000968823 0.0056248 0.000922805 0.945854 0.0138269 0.0305031 0.00229946
1 0.0183719 0.00094027 0.949796 0.0030103 0.0115232 0.00112959 0.0152285
4 0.000344018 0.00286184 0.000368798 0.00981971 0.979877 0.00442335 0.00230522
2 0.00112077 0.00813843 0.000943502 0.0385438 0.000953766 0.947298 0.00300175
1 0.0551386 0.000368062 0.91944 0.00306727 0.0111373 0.00136175 0.00948736
5 0.922475 0.00383973 0.052864 0.00104433 0.0175588 0.000828337 0.00139028
2 0.000879215 0.0170408 0.000459738 0.0357948 0.00170325 0.943142 0.000980678
1 0.0557197 0.00161087 0.935571 0.000906533 0.00470048 0.00063146 0.000859573
5 0.903301 0.0186019 0.0486446 0.00210046 0.0162126 0.0048366 0.00630315
2 0.00282122 0.0114971 0.00159792 0.00211707 0.00425227 0.973333 0.0043815
7 0.0143642 0.950505 0.00742842 0.0025409 0.00520735 0.0120979 0.00785633
1 0.0560497 0.00153472 0.923708 0.000516287 0.0109843 0.00130527 0.00590138
4 0.00350343 0.00357935 0.00467161 0.000364991 0.986969 0.000704657 0.000207313
3 0.00679023 0.00493463 0.00278789 0.00556867 0.00296123 0.00687225 0.970085
7 0.00922269 0.959546 0.00583872 0.0010296 0.0074 0.0121485 0.00481442
1 0.0296894 0.00301458 0.946394 0.00101556 0.0163204 0.00206121 0.00150474
1 0.0559941 0.00485551 0.929568 0.000847896 0.00653057 0.00127631 0.000927962
1 0.022572 0.000318982 0.962152 0.000178697 0.0143318 0.000168314 0.000278541
4 0.0109012 0.0051645 0.0061825 0.00427809 0.959413 0.00428851 0.00977242
2 0.00492298 0.0122432 0.00352652 0.00384374 0.00478478 0.964328 0.00635118
7 0.00568191 0.964886 0.0036801 0.000819271 0.00452449 0.0143829 0.00602571
6 0.00308998 0.0048812 0.00293991 0.961195 0.00751699 0.0114672 0.00890952
1 0.01818 0.000761107 0.977202 0.000348272 0.00210021 0.00109286 0.000315471
4 0.0251471 0.00616463 0.0106401 0.00225774 0.951661 0.00303996 0.00108929
2 0.00842996 0.0118608 0.00504103 0.00327823 0.003499 0.959897 0.00799444
1 0.046612 0.0184776 0.91093 0.00208211 0.0113309 0.00683661 0.00373091
6 0.00458141 0.00452029 0.00300789 0.938352 0.00986654 0.028457 0.011215
1 0.0401536 0.000944613 0.951914 0.000181401 0.00558923 0.000970048 0.00024688
4 0.00353935 0.00303289 0.00203056 0.00265224 0.986419 0.00065247 0.00167391
3 0.0115542 0.00265255 0.00536635 0.00965541 0.0103816 0.00504853 0.955341
5 0.899354 0.0170574 0.0503728 0.00263621 0.011499 0.00605838 0.0130221
7 0.0180226 0.960235 0.010715 0.000385451 0.00290877 0.00475396 0.0029795
1 0.0536312 0.0044476 0.924394 0.00105444 0.0133639 0.00207084 0.00103774
1 0.0560805 0.000303271 0.941896 0.000183899 0.00126783 0.000200584 6.78448e-05
1 0.0548112 0.00131623 0.92711 0.000958537 0.0141068 0.000839071 0.000857839
2 0.00516732 0.0121999 0.0034639 0.000653153 0.00230824 0.967701 0.00850675
6 0.00421743 0.0032802 0.0031652 0.9642 0.00602171 0.0132491 0.0058664
4 0.0557066 0.00291802 0.00357564 0.00254626 0.930053 0.00219199 0.00300841
6 0.00517097 0.00478801 0.00356881 0.964225 0.00667961 0.00763163 0.00793607
1 0.0536721 0.00404754 0.920253 0.000618066 0.0158801 0.00216188 0.00336761
4 0.0490136 0.00374156 0.0134388 0.000240691 0.932238 0.000706928 0.000620052
2 0.00564881 0.0128412 0.00375525 0.0085101 0.00253812 0.958639 0.00806796
1 0.0559346 0.000334576 0.931914 0.000535435 0.00403091 0.00195697 0.00529315
4 0.0407432 0.00151872 0.0141305 0.000546428 0.938574 0.000830084 0.00365757
3 0.0146565 0.005794 0.0031232 0.00142636 0.0125934 0.00207706 0.960329
3 0.0195591 0.00574902 0.00493821 0.0040949 0.0116346 0.00380894 0.950215
5 0.982986 0.000626158 0.0121947 0.000432149 0.00312672 0.000176909 0.000456962
2 0.00109246 0.0085041 0.000942148 0.0352669 0.0075977 0.936923 0.00967414
7 0.00586669 0.969321 0.0053463 0.000572202 0.0071783 0.00694 0.00477522
1 0.0560895 0.000437801 0.92557 0.00141079 0.0100996 0.00228174 0.00411025
4 0.0253389 0.0074766 0.00217915 0.00595133 0.944896 0.00708966 0.00706787
3 0.0258268 0.000535392 0.000634642 0.00212421 0.00330978 0.00726721 0.960302
5 0.891438 0.0031959 0.0525554 0.00268227 0.0230025 0.00722015 0.0199057
2 0.00235351 0.0107901 0.0021655 0.0380874 0.00410127 0.931125 0.0113773
7 0.005846 0.963136 0.00726153 0.00178268 0.000834252 0.0146532 0.00648683
6 0.00313195 0.00452432 0.00241543 0.950268 0.0171582 0.0155628 0.00693883
1 0.0560618 0.00178794 0.92791 0.00196592 0.00328865 0.00232456 0.00666127
4 0.0149367 0.00129454 0.00217117 0.000433881 0.97967 0.000721321 0.000772565
5 0.926898 0.00176953 0.0525151 0.000924861 0.0163212 0.000685479 0.000885979
2 0.00556714 0.0143951 0.00259833 0.0252514 0.00873026 0.932778 0.0106798
6 0.00149883 0.000595961 0.000471303 0.990815 0.00315684 0.00306363 0.00039826
1 0.0507289 0.000662765 0.931955 0.000511274 0.014725 0.000407891 0.0010093
4 0.0360466 0.00578224 0.0068743 0.00814326 0.921952 0.00440662 0.016795
3 0.000437325 0.000132623 0.000245538 0.00584087 0.00128066 0.00058204 0.991481
2 0.00156796 0.0168057 0.0015349 0.0341197 0.00794757 0.934711 0.00331282
7 0.00653791 0.951249 0.00427758 0.00880341 0.00733912 0.01517 0.00662296
6 0.00405275 0.00132762 0.00336935 0.961433 0.0175997 0.00291046 0.00930733
1 0.0288411 0.0160584 0.929664 0.00176073 0.0129614 0.00325086 0.00746342
1 0.0557115 0.00021785 0.938644 0.000431259 0.00430581 0.000175736 0.000513544
5 0.901724 0.000684273 0.0477423 0.000608374 0.048136 0.000496036 0.000608976
2 0.0028678 0.00531774 0.00123472 0.0384401 0.00564341 0.934651 0.0118451
7 0.0015484 0.973728 0.000401085 0.00512523 0.00447104 0.013718 0.00100867
6 0.00392885 0.0131451 0.00307452 0.925762 0.0167011 0.0271311 0.0102578
1 0.0548893 0.000944557 0.922565 0.000841481 0.0141795 0.00157444 0.00500534
4 0.0516721 0.000731024 0.0111309 0.000295914 0.925888 0.000587827 0.00969458
3 0.0135141 0.00114186 0.0041691 0.00574676 0.0113513 0.00120936 0.962868
5 0.918881 0.000635085 0.0515548 0.00129728 0.0242099 0.0012819 0.00213996
2 0.00739362 0.0122337 0.00279506 0.00399552 0.00582274 0.963485 0.00427467
7 0.00100449 0.973637 0.000930322 0.00420976 0.00475122 0.0137174 0.00174971
1 0.055895 0.00397077 0.92591 0.000620827 0.0111557 0.000429501 0.00201868
5 0.886777 0.00551219 0.0542502 0.00274414 0.029734 0.00668128 0.0143016
2 0.00538928 0.0168405 0.0035634 0.03089 0.0043687 0.930801 0.00814734
7 0.0118329 0.955177 0.00572979 0.001924 0.00647814 0.00899102 0.00986731
1 0.0559821 0.00189049 0.928601 0.00107968 0.010056 0.00120751 0.00118337
4 0.0324386 0.00543874 0.00520279 0.0046803 0.933534 0.00330583 0.0153995
3 0.00339395 0.00287501 0.000501623 0.00828522 0.0086808 0.00670855 0.969555
5 0.942848 0.000151618 0.0526453 0.000636575 0.00255861 0.00025302 0.000907334
2 0.001412 0.0170493 0.00128772 0.0340247 0.00143976 0.942261 0.00252598
7 0.00179621 0.96949 0.0024484 0.0039495 0.00174908 0.0140535 0.00651334
6 0.000774757 0.00041196 0.000943994 0.993453 0.00156851 0.0018774 0.000969963
1 0.0562051 0.00109944 0.921764 0.0021839 0.0103388 0.00262618 0.00578236
4 0.0209126 0.00608214 0.00379206 0.0144543 0.933606 0.00729532 0.013858
3 0.0202963 0.00891662 0.00223445 0.00281037 0.00881534 0.0059161 0.951011
5 0.942258 0.000360984 0.0526109 0.000233981 0.00386636 0.000162815 0.000507171
5 0.86669 0.00687405 0.0437376 0.00271739 0.0326519 0.00872175 0.0386078
2 0.000796267 0.0125227 0.000267181 0.00952384 0.00124926 0.971003 0.00463742
7 0.00406383 0.96822 0.00164424 0.00360377 0.00370768 0.013832 0.00492835
1 0.0559785 0.000403217 0.937148 0.000725278 0.00484718 0.000421159 0.000476513
3 0.028652 0.000336256 0.00241603 0.00142068 0.00937438 0.00246769 0.955333
5 0.908167 0.00364807 0.0329779 0.00105891 0.0505419 0.002286 0.0013203
2 0.00114299 0.0131227 0.000360106 0.0223524 0.00232482 0.95952 0.00117676
7 0.00219017 0.97834 0.00132652 0.001734 0.00163482 0.0133796 0.00139441
1 0.055787 0.00062466 0.934624 0.00143704 0.00522211 0.000935604 0.00136976
1 0.0561712 0.000237524 0.931936 0.00132961 0.00899 0.000699172 0.000636936
4 0.0166201 0.00384933 0.00185413 0.00518666 0.95507 0.00577727 0.0116421
4 0.0429517 0.00243367 0.014796 0.000742769 0.932889 0.00303579 0.00315082
3 0.00195807 0.000552414 0.000504725 0.00700759 0.0039668 0.0053032 0.980707
7 0.000561838 0.970222 0.000381455 0.00652131 0.00172836 0.0141123 0.00647314
1 0.0557702 0.00949743 0.91643 0.00195917 0.00911967 0.00308146 0.00414207
1 0.0556426 0.00447723 0.917002 0.00160222 0.0129081 0.00324097 0.00512698
4 0.0453136 0.00608386 0.00692716 0.000649165 0.928913 0.00742746 0.00468602
3 0.0152254 0.00370451 0.00185845 0.001738 0.0122803 0.00753598 0.957657
5 0.91129 0.00656485 0.0519272 0.00266801 0.0104844 0.00766001 0.00940534
2 0.000157331 0.0113811 0.00026415 0.00185204 0.000839618 0.985004 0.000501317
7 0.00908823 0.960985 0.00212241 0.00536204 0.0075787 0.0107981 0.00406591
6 0.00391309 0.00554923 0.00310956 0.944722 0.0101856 0.020983 0.0115376
1 0.0558918 0.00184946 0.936 0.00150855 0.0016413 0.00218282 0.000925643
1 0.0309676 0.000617531 0.963732 0.000769018 0.00264207 0.000659557 0.000611922
4 0.00514658 0.0004891 0.000649191 0.000212363 0.992541 0.000362138 0.000599853
3 0.0163275 0.00426699 0.00307976 0.000880836 0.0121737 0.00358727 0.959684
2 0.000334091 0.0115171 0.000396395 0.00325577 0.001296 0.982275 0.000925361
6 0.0038485 0.0175215 0.00287329 0.93494 0.0122082 0.0258387 0.00276954
6 0.00185954 0.000517462 0.000637949 0.990172 0.00254205 0.00383399 0.000437015
1 0.0549874 0.00113673 0.928658 0.000665718 0.0139531 0.000420632 0.000178174
1 0.205584 0.000517709 0.781547 0.00162948 0.0082805 0.00173462 0.000706905
4 0.0241219 0.00457221 0.00611991 0.00209055 0.952394 0.00282582 0.00787515
4 0.0531777 0.00089963 0.00593607 0.00221336 0.926523 0.00232227 0.00892747
5 0.928594 0.003408 0.0522677 0.00105901 0.0117307 0.00203643 0.000904104
5 0.836321 0.00750794 0.12314 0.00214207 0.0197426 0.00345504 0.00769156
2 0.000695214 0.0135678 0.00281243 0.0227157 0.00238477 0.953167 0.00465695
7 0.00346134 0.961026 0.00232177 0.00996289 0.00353539 0.0146814 0.00501098
6 0.00232701 0.00551473 0.00279047 0.937603 0.01395 0.0247289 0.0130856
6 0.00214255 0.00411956 0.00198893 0.963575 0.00647916 0.0125546 0.00914055
1 0.0551631 0.000630219 0.937191 0.000962763 0.00517023 0.00040852 0.000473829
1 0.0559283 0.000597907 0.93965 0.000664857 0.00214356 0.000519247 0.000495921
4 0.0136666 0.00325175 0.00141047 0.00705856 0.95252 0.0131039 0.008989
3 0.0065225 0.00403088 0.000861497 0.00533908 0.00206169 0.00632041 0.974864
5 0.913826 0.00615426 0.0524187 0.00266426 0.0181773 0.00387173 0.00288776
2 0.00273066 0.00671547 0.00115064 0.0251401 0.00157846 0.951865 0.0108202
2 8.24432e-05 0.011446 0.000101945 0.00245685 0.000344461 0.984757 0.000811644
7 0.000219448 0.974676 0.000125799 0.00701577 0.00161295 0.0135555 0.00279491
6 0.000769334 0.000512957 0.000849243 0.979395 0.00324229 0.00739643 0.00783501
1 0.0559862 0.00188651 0.927084 0.000700289 0.0106521 0.00232056 0.00137018
4 0.0559303 0.000180819 0.00243552 0.0011759 0.93493 0.00355081 0.00179677
3 0.000998945 0.00371618 0.000476922 0.00796495 0.0048861 0.00624905 0.975708
5 0.894149 0.0136641 0.0537507 0.00274548 0.0208663 0.0051757 0.00964906
5 0.994177 0.00010747 0.00240086 0.00105876 0.00150633 0.00027705 0.000472174
7 0.00584188 0.961112 0.00219142 0.00767079 0.00381747 0.0143383 0.00502768
1 0.0559206 0.000242739 0.937375 0.000693486 0.00439081 0.000597219 0.000779682
4 0.0548588 5.67985e-05 0.00851491 0.000624935 0.932135 0.000295053 0.00351439
5 0.919145 0.000480806 0.0531865 0.00116162 0.0247833 0.000375009 0.000867491
7 0.0039072 0.97507 0.00228358 0.00308836 0.00122916 0.013625 0.000796442
6 0.00161588 0.000251921 0.00084638 0.982445 0.00573254 0.00441841 0.00468984
1 0.0529848 0.00102705 0.923337 0.00228181 0.016664 0.00259287 0.00111194
1 0.0333835 0.0123648 0.930158 0.00190781 0.0186655 0.00272491 0.000795862
4 0.0206242 0.00139244 0.00388855 0.00230836 0.955471 0.00421967 0.0120961
3 0.0145284 0.00459673 0.00423849 0.00282622 0.0113309 0.00840406 0.954075
2 3.1083e-05 5.25396e-05 3.11782e-05 0.00173731 0.000135208 0.997762 0.00025082
6 0.00138994 0.00135759 0.00324922 0.97473 0.00659863 0.00509177 0.00758273
1 0.0557681 0.000898825 0.932348 0.00154766 0.00637412 0.00126657 0.00179672
4 0.0231711 0.00232533 0.00205325 0.000561259 0.964383 0.00622427 0.00128135
3 0.000648006 0.00111466 0.000204318 0.00920401 0.00161215 0.00427583 0.982941
5 0.81445 0.00937185 0.14272 0.00145042 0.0209285 0.00172725 0.00935198
2 0.00125593 0.00400956 0.000420029 0.00246929 0.00111044 0.989283 0.00145131
6 0.00421962 0.0015531 0.00246222 0.96938 0.0045522 0.00909151 0.00874136
1 0.0561455 0.0034148 0.923495 0.00182958 0.00241495 0.00324508 0.00945508
1 0.0560035 0.000489061 0.940611 0.000676074 0.00149526 0.000458395 0.00026707
4 0.00780459 0.00193766 0.00107309 0.00210962 0.975937 0.00478927 0.00634842
3 0.00580242 0.00353831 0.00162007 0.00797466 0.0109472 0.00450201 0.965615
2 0.00632178 0.0116812 0.00239308 0.00163979 0.0048604 0.971566 0.00153752
7 0.00551718 0.971385 0.000583959 0.00400682 0.00332544 0.0136905 0.00149098
6 0.000877856 0.00267241 0.000560227 0.960745 0.00260056 0.0252836 0.00726011
1 0.0558889 0.00395277 0.933302 0.00118246 0.00200396 0.00236822 0.00130172
3 0.00369483 0.00560315 0.00577067 0.00721154 0.00739184 0.00556388 0.964764
5 0.879574 0.00995313 0.0757248 0.001312 0.0218994 0.00128266 0.0102542
2 0.00087023 0.0127577 0.00114951 0.0430571 0.00475434 0.934592 0.00281895
7 0.00107621 0.971312 0.00235832 0.00709819 0.00384524 0.0104911 0.00381848
1 0.00338865 0.00113327 0.989542 0.000643018 0.00196659 0.000567245 0.00275918
4 0.0448124 0.00750389 0.0137928 0.00242701 0.916014 0.00959437 0.00585586
3 0.00571695 0.00489118 0.00212232 0.0101 0.00961478 0.00592128 0.961634
2 0.000501068 0.0168004 0.00141631 0.0375653 0.00598604 0.9354 0.00233072
7 0.000506523 0.970965 0.000740506 0.00581961 0.00496942 0.0130708 0.00392798
6 0.000611387 0.00573966 0.000998444 0.953911 0.00358422 0.0301383 0.005017
1 0.0125396 0.000133106 0.985457 0.000340986 0.000618061 0.000246077 0.000665646
1 0.041386 0.00485963 0.924218 0.00131645 0.0198788 0.00270045 0.0056404
4 0.0472581 0.00835977 0.0129834 0.00368668 0.917087 0.00390952 0.00671596
4 0.0485968 0.00299257 0.0139904 0.000652825 0.930928 0.00135753 0.00148228
5 0.883227 0.00367962 0.0291983 0.00297835 0.0500602 0.00473053 0.0261264
7 0.000459819 0.978456 0.000908534 0.00823074 0.00170763 0.00934442 0.000892656
1 0.0113064 0.00145398 0.972373 0.0006763 0.00875091 0.000644924 0.00479468
1 0.0380913 0.00244748 0.933921 0.00189929 0.00990398 0.00285596 0.0108814
3 0.00599887 0.00388258 0.00713705 0.00667954 0.0110189 0.00213116 0.963152
5 0.888996 0.00222993 0.0471224 0.00124105 0.0492783 0.00170647 0.0094258
2 0.000532293 0.0154049 0.00223934 0.040723 0.00242121 0.935959 0.00272061
7 0.0023241 0.965206 0.00335672 0.00892429 0.00293441 0.0143925 0.00286173
1 0.0189627 0.000439075 0.96441 0.000643491 0.0118253 0.000378354 0.00334088
4 0.0478328 0.00717082 0.00748652 0.00150295 0.928534 0.00254888 0.00492418
3 0.00721242 0.0047117 0.00176609 0.00681629 0.0116816 0.00397552 0.963836
5 0.900476 0.0022687 0.0519723 0.000609444 0.0320491 0.00116714 0.0114569
5 0.899511 0.0057368 0.0321928 0.00235778 0.0505345 0.00295315 0.00671415
2 0.00201504 0.0168361 0.000697962 0.030919 0.00499545 0.941596 0.00294096
7 0.000308079 0.982918 0.00172853 0.00622132 0.00375201 0.00273602 0.00233644
3 0.00352051 0.00101025 0.00698184 0.00582895 0.00979816 0.00125436 0.971606
2 0.000250527 0.00701843 0.000625624 0.0442534 0.00455704 0.941688 0.00160739
7 0.00567793 0.975161 0.00455843 0.00220397 0.00527891 0.00354109 0.003579
1 0.0549102 0.0059372 0.91154 0.00240822 0.0119365 0.00279938 0.0104688
4 0.0372538 0.00377643 0.021638 0.000968015 0.929527 0.00231127 0.00452563
2 0.000517163 0.00584104 0.00107558 0.0441274 0.00373653 0.942013 0.00268897
7 8.157e-06 0.995878 0.000252591 0.00177008 0.000378824 0.00145072 0.000261131
6 0.00339497 0.00896336 0.0036135 0.9414 0.0048099 0.0268825 0.0109361
1 0.0504083 0.0091324 0.925215 0.000990932 0.012352 0.000848497 0.00105272
1 0.055825 0.00221638 0.93569 0.000625735 0.00360303 0.00107876 0.000960642
4 0.000776407 0.00251768 0.00113439 0.00814852 0.975999 0.00280111 0.00862271
2 0.00089214 0.00788222 0.00232972 0.0442316 0.003565 0.937701 0.00339875
7 0.00168139 0.97326 0.00245357 0.00725233 0.00167292 0.0125843 0.00109555
6 0.00163978 0.0013765 0.0022833 0.979598 0.00867118 0.00181741 0.00461355
1 0.0205674 0.00151311 0.957923 0.00102385 0.0150763 0.000767103 0.00312874
1 0.00251885 0.00372827 0.988541 0.000506449 0.0015475 0.00116257 0.00199558
4 0.0501092 0.0102978 0.00706007 0.00241704 0.920767 0.00242199 0.00692693
5 0.865079 0.00771913 0.051403 0.00277279 0.0493308 0.00576126 0.017934
2 0.000394193 0.0149997 0.000878529 0.0387362 0.00196033 0.941751 0.0012799
7 0.00463592 0.957258 0.00293837 0.0139205 0.00365572 0.0146633 0.00292852
6 0.0019851 0.00733654 0.00289881 0.946087 0.00650274 0.030307 0.00488322
1 0.0321221 0.00323711 0.928114 0.00286539 0.0186415 0.00245605 0.0125635
4 0.0531973 0.00511219 0.00946077 0.0026178 0.921699 0.00342513 0.00448805
2 0.000285131 0.0125763 0.00028817 0.0430608 0.00131041 0.939613 0.00286617
7 0.000191596 0.973804 0.000131314 0.00921986 0.000800735 0.0141629 0.00168915
7 0.000267653 0.977787 0.000180782 0.00464457 0.00263437 0.013595 0.000890686
1 0.0561498 0.00116177 0.9242 0.000793011 0.00975026 0.00136198 0.00658296
3 0.020609 0.0030864 0.00576268 0.000547568 0.0118838 0.00211664 0.955994
5 0.919378 0.000421265 0.0527123 0.000725642 0.0232995 0.000666299 0.00279714
2 0.00319361 0.0118351 0.00403857 0.000995905 0.00497098 0.969212 0.00575332
7 0.00997149 0.964606 0.0112695 0.000308153 0.00719264 0.00185798 0.00479428
6 0.00346592 0.00161316 0.00286279 0.952642 0.0124817 0.0158391 0.0110949
1 0.00684585 8.89245e-05 0.991561 0.000466699 0.000233051 0.000145751 0.000658935
3 0.0279523 0.000238976 0.00516658 0.00132758 0.00354897 0.00561519 0.95615
3 0.0233021 0.00248077 0.00486308 0.00213545 0.00422988 0.00977125 0.953217
2 0.00548287 0.0015681 0.00321284 0.00510626 0.00687302 0.968069 0.00968749
7 0.00807686 0.961913 0.00605406 0.000861863 0.00247386 0.0145741 0.00604634
6 0.00355728 0.000611876 0.00308791 0.952722 0.00863401 0.0205214 0.0108655
1 0.0557736 0.000422185 0.93577 0.00196901 0.00366596 0.00168483 0.000714444
4 0.0410235 0.000210691 0.0100781 0.000285742 0.947125 0.000354612 0.000922075
3 0.0115157 0.00735019 0.0075078 0.00323216 0.00316233 0.0080437 0.959188
5 0.942046 0.000247617 0.0525719 0.00107413 0.00306158 0.000634872 0.00036356
2 0.00137747 0.00429122 0.00152023 0.00521989 0.00267426 0.977441 0.00747589
2 0.00035452 0.00280706 0.000730287 0.0432674 0.000621644 0.950089 0.00212989
7 0.00949532 0.951481 0.010571 0.00268848 0.00826657 0.0132503 0.00424708
6 0.00364869 0.000525605 0.00279021 0.961561 0.0117293 0.00999652 0.00974839
1 0.0561705 5.51917e-05 0.935112 0.000446157 0.00794763 0.000131751 0.000136383
1 0.0559428 0.000219094 0.940538 0.000816119 0.00175436 0.000546194 0.000183752
4 0.0352998 0.000570796 0.012232 0.000383345 0.947113 0.000615789 0.00378508
3 0.00303272 0.000858918 0.00124378 0.00212998 0.00313473 0.00201631 0.987584
5 0.905122 0.000548971 0.053385 0.00244007 0.025304 0.00116231 0.0120382
2 0.00273244 0.0125218 0.00338087 0.0100078 0.00582365 0.954874 0.0106592
6 0.000459644 6.38993e-05 0.00083163 0.995621 0.00159358 0.000689985 0.000740291
1 0.0552429 7.62234e-05 0.929525 0.000396546 0.0135339 9.62184e-05 0.00112914
1 0.0419452 0.000314296 0.931106 0.0012845 0.0196672 0.00067935 0.0050033
3 0.00515788 0.00380124 0.0016166 0.00244733 0.00421277 0.00592227 0.976842
5 0.91061 0.00146473 0.052548 0.00273675 0.0233451 0.00534178 0.00395334
5 0.959768 0.000433509 0.0313727 0.0012061 0.00523905 0.000490618 0.00149015
2 0.00553791 0.00698515 0.00358137 0.017472 0.0167018 0.940251 0.00947122
2 0.000394841 0.00746981 0.000334668 0.0415932 0.0024305 0.944449 0.00332848
7 0.00402194 0.967861 0.00354761 0.0022263 0.00472718 0.0140085 0.00360735
6 0.000344804 0.00015736 0.000400716 0.989167 0.00120453 0.00690989 0.00181557
1 0.0559503 9.08598e-05 0.93106 0.000824511 0.0116434 0.000183143 0.000247388
4 0.0290967 0.000463814 0.00809913 0.000599476 0.956817 0.000462714 0.00446086
3 0.0226122 0.0010458 0.00447288 0.0031823 0.0101497 0.00768693 0.95085
5 0.940731 0.000465872 0.0121005 0.00349969 0.0280218 0.00285066 0.0123304
2 0.000638328 0.00592175 0.00110102 0.0319027 0.00157337 0.944578 0.0142849
2 0.00241718 0.0134427 0.00204115 0.0180297 0.00743447 0.943181 0.0134541
6 0.000414086 7.75193e-05 0.000402082 0.991133 0.00170696 0.0039173 0.00234908
1 0.0462616 0.00312165 0.916731 0.00184398 0.0195285 0.0036125 0.0089011
1 0.0356268 0.000199059 0.960705 0.000520242 0.00224759 0.000370056 0.000331321
4 0.032789 0.000410303 0.0166637 0.000506108 0.947742 0.000465132 0.00142384
3 0.0144381 0.00850935 0.0039919 0.00136903 0.00618935 0.00827858 0.957224
5 0.910065 0.000235161 0.0547138 0.00122661 0.0317397 0.000479334 0.00154072
2 0.00309224 0.00426222 0.00212387 0.00294784 0.00414105 0.974134 0.00929894
1 0.0559113 0.00010993 0.936026 0.000535278 0.00721891 0.000116273 8.2687e-05
4 0.0352199 0.000971634 0.0125018 0.000867019 0.941736 0.00294155 0.00576192
3 0.00242672 0.00432212 0.00142459 0.00465207 0.00229778 0.00610738 0.978769
5 0.931475 0.000429937 0.0523229 0.00138277 0.00916049 0.000453375 0.00477572
5 0.906977 0.0012044 0.0529119 0.0021937 0.0236613 0.00156186 0.0114902
2 0.000733068 0.00863177 0.000909634 0.006473 0.00386531 0.969073 0.0103139
7 0.00605257 0.95651 0.00424752 0.00427736 0.00261774 0.0177376 0.0085576
6 0.00346188 0.000942123 0.00306225 0.967799 0.0088788 0.00800317 0.00785299
1 0.0555685 0.000160521 0.933537 0.00153921 0.0072817 0.000970616 0.000942118
4 0.043091 0.000308911 0.0145579 0.00034606 0.940004 0.000679804 0.00101284
3 0.00644595 0.000852377 0.000829281 0.00345875 0.000589132 0.00575242 0.982072
5 0.748751 0.000447038 0.214874 0.00154395 0.0221054 0.000814494 0.0114642
2 0.0067201 0.0131918 0.00434074 0.00365506 0.00748394 0.95604 0.00856794
2 0.00537236 0.00379958 0.0018857 0.0141544 0.00317024 0.960717 0.0109007
1 0.0367223 0.000120613 0.953854 0.00126298 0.0070338 0.00052394 0.000482209
4 0.0299832 0.000514383 0.00939003 0.00052166 0.951712 0.000641835 0.00723679
3 0.0130338 0.00467445 0.00727626 0.0011302 0.0113431 0.00621645 0.956326
5 0.91869 0.000283907 0.0525719 0.00180609 0.0217085 0.000582212 0.00435696
2 0.00091654 0.00227383 0.000698114 0.017243 0.000674564 0.966753 0.0114414
6 0.00389749 0.00384487 0.00288876 0.94638 0.0087792 0.0224908 0.0117185
6 0.00137697 0.000472751 0.000599683 0.961424 0.00289852 0.0290734 0.00415483
1 0.0286886 0.000187558 0.960614 0.000860342 0.00872032 0.000685046 0.000244587
1 0.0142571 4.73304e-05 0.973562 0.000427481 0.0112413 0.000219537 0.000245665
